1 0.5637953125 0.28624062499999997 0.5697921874999999 0.2825546875 0.5976015625 0.2266578125 0.5850593749999999 0.194103125 0.5575249999999999 0.25 0.5547984375 0.26904218750000003 0.5637953125 0.28624062499999997
1 0.128953125 0.1959453125 0.14285781250000001 0.179975 0.13304218750000002 0.1584765625 0.117775 0.18181875 0.0888765625 0.222359375 0.10741562499999999 0.24078593750000002 0.125409375 0.2174453125 0.128953125 0.1959453125
1 0.1338609375 0.21314531250000002 0.125409375 0.209459375 0.125409375 0.2328015625 0.13249687500000001 0.246928125 0.1496734375 0.246928125 0.155125 0.22850156250000003 0.14749218749999998 0.209459375 0.1338609375 0.21314531250000002
1 0.1398578125 0.1584765625 0.1006 0.08230937499999999 0.0965109375 0.0915234375 0.10332656250000001 0.119778125 0.128953125 0.179975 0.1398578125 0.1584765625
1 0.10005468749999999 0.1726046875 0.073609375 0.2033171875 0.0875140625 0.2266578125 0.11041406250000001 0.1879609375 0.10005468749999999 0.1726046875
1 0.1723015625 0.573709375 0.1600328125 0.5552828125 0.15594375 0.5595828125 0.16766562499999998 0.5921375 0.1682109375 0.60319375 0.1930203125 0.632678125 0.20610625 0.628378125 0.20610625 0.6050375 0.1848421875 0.5786234375 0.1723015625 0.573709375
1 0.21864843750000001 0.5454546875 0.20147187500000002 0.5331703125 0.18893125 0.5829234375000001 0.20147187500000002 0.5921375 0.21864843750000001 0.5454546875
1 0.1150484375 0.5749390625 0.1294984375 0.6234640625 0.146946875 0.6578625 0.15730625 0.660934375 0.1633046875 0.6498765625 0.1398578125 0.60319375 0.12050156249999999 0.573709375 0.1150484375 0.5749390625
1 0.13304218750000002 0.4926296875 0.155125 0.483415625 0.18075312500000001 0.468059375 0.183478125 0.4631453125 0.178571875 0.438575 0.1496734375 0.45515937500000003 0.12813593750000002 0.48034375 0.13304218750000002 0.4926296875
1 0.13304218750000002 0.5380828125 0.1496734375 0.5300984375 0.13440625 0.49139999999999995 0.10741562499999999 0.494471875 0.10741562499999999 0.5147421875 0.12131875 0.520884375 0.13304218750000002 0.5380828125
1 0.1442203125 0.595209375 0.1510359375 0.579853125 0.13713124999999998 0.564496875 0.13440625 0.547296875 0.0965109375 0.4957 0.0785171875 0.5159703125 0.114503125 0.5718671875 0.1248640625 0.5718671875 0.1442203125 0.595209375
1 0.0618859375 0.648034375 0.0888765625 0.5982796875 0.0834234375 0.589065625 0.0703375 0.5749390625 0.043348437499999996 0.6296062499999999 0.050164062499999995 0.643734375 0.0618859375 0.648034375
1 0.0068156250000000005 0.7604421875 0.013631250000000001 0.7880828125 0.03516875 0.824325 0.045528125 0.82248125 0.050164062499999995 0.7979109375 0.026171875 0.7616703125 0.0163578125 0.75245625 0.0068156250000000005 0.7604421875
1 0.059160937499999997 0.573709375 0.06543125 0.558353125 0.04961875 0.5159703125 0.039803125 0.5128999999999999 0.023445312500000003 0.494471875 0.027535937500000003 0.5319406250000001 0.045528125 0.5706390625 0.059160937499999997 0.573709375
1 0.0730640625 0.5190421875 0.075790625 0.5086 0.0703375 0.49139999999999995 0.019084375 0.483415625 0.0343515625 0.5098281250000001 0.0730640625 0.5190421875
1 0.24345625 0.9342750000000001 0.249728125 0.9545453125 0.27235624999999997 0.9207609375000001 0.2641765625 0.8974203125000001 0.24345625 0.9342750000000001
1 0.092965625 0.9637593750000001 0.09514687499999999 0.9361171875000001 0.07170156250000001 0.937346875 0.06761249999999999 0.9545453125 0.08833125 0.9840296875 0.092965625 0.9637593750000001
1 0.2028359375 0.724815625 0.18129843750000002 0.7014734375 0.1164125 0.7076171875 0.09514687499999999 0.7616703125 0.0965109375 0.8304671875 0.0924203125 0.8439796875000001 0.117775 0.89250625 0.1398578125 0.9109343750000001 0.164940625 0.9140046875 0.18893125 0.847665625 0.19574687500000001 0.7979109375 0.2028359375 0.724815625