1 0.43828125 0.10694375 0.43984375 0.10694375 0.44322968749999997 0.09351875 0.44244843749999996 0.0666671875 0.43567656250000003 0.0666671875 0.4348953125 0.09351875 0.43697968749999994 0.097221875 0.43828125 0.10694375
1 0.66171875 0.59351875 0.6588546875 0.5921296875000001 0.6575515625 0.5958328125000001 0.6588546875 0.5995375000000001 0.66171875 0.5986109374999999 0.66171875 0.59351875
1 0.6864578125 0.6606484375 0.6776046874999999 0.6643515625 0.67890625 0.6731484375 0.6864578125 0.6703703125 0.6864578125 0.6606484375
1 0.2114578125 0.0898140625 0.2080734375 0.075 0.2088546875 0.06805625 0.19921875 0.051851562500000004 0.1950515625 0.053240625 0.1984375 0.078703125 0.2033859375 0.0800921875 0.2088546875 0.0921296875 0.2114578125 0.0898140625
1 0.82265625 0.9467593750000001 0.8122390625 0.94305625 0.8109375 0.9481484375000001 0.82109375 0.9615734375 0.8239578125 0.952778125 0.82265625 0.9467593750000001
1 0.77109375 0.633796875 0.7723953125 0.6254625 0.7627609375 0.6240734375 0.759375 0.633796875 0.7565109375 0.659721875 0.7661453125000001 0.6606484375 0.76953125 0.6546296875000001 0.77109375 0.633796875
1 0.70703125 0.65601875 0.7083328125 0.659721875 0.7104171874999999 0.6583328125000001 0.7111984375 0.653240625 0.7091140625000001 0.6523140625 0.70703125 0.65601875
1 0.9736984375000001 0.6328703124999999 0.9723953125 0.6254625 0.9559890624999999 0.6129625 0.953125 0.6143515625 0.9502609375000001 0.6240734375 0.9518234375000001 0.6328703124999999 0.9614578125 0.6449078125 0.9716140624999999 0.6435187499999999 0.9736984375000001 0.6328703124999999
1 0.9174484375 0.5814812500000001 0.9200515625 0.5875 0.9221359375 0.5861109375 0.9221359375 0.5814812500000001 0.91875 0.578703125 0.9174484375 0.5814812500000001
1 0.9236984375 0.6092593749999999 0.9216140625 0.603240625 0.91953125 0.6083328125 0.91953125 0.6129625 0.9216140625 0.6166671874999999 0.9236984375 0.6129625 0.9236984375 0.6092593749999999
1 0.8033859375000001 0.18055625 0.8 0.1949078125 0.8059890624999999 0.2 0.81015625 0.18287031250000002 0.8033859375000001 0.18055625
1 0.8734375 0.22824062500000003 0.8684890624999999 0.21111093749999998 0.8630203125 0.21342656249999997 0.8658859375000001 0.23148125 0.8692703125 0.234259375 0.87265625 0.2328703125 0.8734375 0.22824062500000003