1 0.10877812499999999 0.2985265625 0.10414375000000001 0.28624062499999997 0.0866953125 0.301596875 0.074428125 0.316953125 0.07633593749999999 0.32493906250000004 0.092965625 0.315725 0.10877812499999999 0.2985265625
1 0.5967828125 0.9250609375 0.6134140625 0.9170765624999999 0.61205 0.9047906250000001 0.6112328125000001 0.8906640625 0.5899671875 0.9017203125 0.5877859375 0.9078625 0.5727921874999999 0.9158484375 0.5727921874999999 0.9238328125 0.587240625 0.9250609375 0.5967828125 0.9250609375
1 0.7527265625 0.9189187499999999 0.7450921875 0.929975 0.7576328125 0.9576171875 0.7652671875 0.9404171874999999 0.7527265625 0.9189187499999999
1 0.739640625 0.8611796875 0.7333703125000001 0.8568796875 0.7260093750000001 0.8611796875 0.725190625 0.8832921875 0.73555 0.8955781249999999 0.741003125 0.8845203125 0.739640625 0.8611796875
1 0.9771000000000001 0.84889375 0.9784625 0.8863640625 0.987459375 0.8875921874999999 0.987459375 0.8519656250000001 0.9825515625 0.84889375 0.9771000000000001 0.84889375
1 0.505725 0.16953281250000002 0.49127656249999996 0.152334375 0.4768265625 0.1738328125 0.4768265625 0.1861171875 0.4904578125 0.2033171875 0.5049078125 0.178746875 0.505725 0.16953281250000002
1 0.478734375 0.003071875 0.4711015625 0.012284375 0.4746453125 0.020270312500000002 0.48282499999999995 0.0092140625 0.478734375 0.003071875
1 0.5346234375 0.08046718750000001 0.5291718750000001 0.08538124999999999 0.5299890625 0.0915234375 0.5359875 0.0945953125 0.5389859375 0.08538124999999999 0.5346234375 0.08046718750000001
1 0.6409484375 0.16953281250000002 0.6265 0.1597046875 0.6202296875 0.167690625 0.6273171875 0.179975 0.636859375 0.18181875 0.6409484375 0.16953281250000002
1 0.5954203125 0.021498437500000002 0.5940562500000001 0.030712499999999997 0.5981468750000001 0.030712499999999997 0.5989640625 0.0233421875 0.5954203125 0.021498437500000002
1 0.7017453125 0.11179375 0.7009265625000001 0.12100781249999999 0.7142859374999999 0.12284999999999999 0.71483125 0.114865625 0.7017453125 0.11179375
1 0.7949843750000001 0.3624078125 0.796346875 0.35749375 0.794165625 0.3482796875 0.7824421874999999 0.3482796875 0.7756265625000001 0.3525796875 0.776171875 0.3593359375 0.7818968749999999 0.3636359375 0.7949843750000001 0.3624078125
1 0.848690625 0.33108125 0.848690625 0.3261671875 0.8446015625 0.3261671875 0.8356046875 0.3095828125 0.8287890625 0.316953125 0.8383312500000001 0.3402953125 0.845146875 0.3402953125 0.848690625 0.33108125
1 0.5152671875 0.3402953125 0.5139046875 0.3421375 0.5209921875 0.35565156249999996 0.5332609374999999 0.36855000000000004 0.5359875 0.360565625 0.5359875 0.349509375 0.52371875 0.3402953125 0.5152671875 0.3402953125
1 0.756815625 0.08046718750000001 0.7666296874999999 0.086609375 0.7720828125 0.08046718750000001 0.7617234374999999 0.074325 0.756815625 0.08046718750000001