1 0.019084375 0.301596875 0.0068156250000000005 0.2985265625 0 0.301596875 0.0019078125000000002 0.328009375 0.0054531250000000005 0.332309375 0.01445 0.3292390625 0.0253546875 0.320025 0.019084375 0.301596875
1 0.0965109375 0.878378125 0.1172296875 0.9189187499999999 0.12268281249999999 0.9097046875 0.10877812499999999 0.8845203125 0.0965109375 0.878378125
1 0.1393125 0.676290625 0.178571875 0.6246921875 0.17502656249999998 0.621621875 0.1406765625 0.670146875 0.1393125 0.676290625
1 0.42639062499999997 0.2579859375 0.40839687500000005 0.246928125 0.4056703125 0.2629 0.42093749999999996 0.2721125 0.4236640625 0.26904218750000003 0.42639062499999997 0.2579859375
1 0.6376765625 0.30466875 0.6251359375 0.320025 0.63004375 0.3292390625 0.6417671875 0.3138828125 0.6376765625 0.30466875
1 0.5877859375 0.10257968749999999 0.5823343750000001 0.0964375 0.5796078125 0.1099515625 0.5796078125 0.12100781249999999 0.5935109375 0.12899218750000002 0.5940562500000001 0.1038078125 0.5877859375 0.10257968749999999
1 0.017175000000000003 0.628378125 0.0087234375 0.6296062499999999 0 0.63575 0.0005453125 0.6621625 0.019084375 0.6590906249999999 0.03516875 0.6517203125 0.0321703125 0.6234640625 0.017175000000000003 0.628378125
1 0.7715375 0.3636359375 0.7734453125 0.35565156249999996 0.7639046875 0.3482796875 0.761178125 0.3513515625 0.76445 0.36855000000000004 0.76935625 0.371621875 0.7715375 0.3636359375
1 0.8080703124999999 0.3077390625 0.796346875 0.29545468750000003 0.7914390625000001 0.301596875 0.8053437499999999 0.316953125 0.8080703124999999 0.3138828125 0.8080703124999999 0.3077390625
1 0.7878953125 0.2629 0.7818968749999999 0.24569999999999997 0.776171875 0.2518421875 0.7797171875 0.26597031250000003 0.7859875 0.26904218750000003 0.7878953125 0.2629
1 0.708015625 0.11179375 0.6913843749999999 0.08538124999999999 0.686478125 0.1056515625 0.7022906250000001 0.1363640625 0.707196875 0.12592187500000002 0.708015625 0.11179375
1 0.7617234374999999 0.6081078125 0.7540890625000001 0.606265625 0.75354375 0.617321875 0.7584515625 0.628378125 0.7630859375 0.617321875 0.7617234374999999 0.6081078125