1 0.110959375 0.2813265625 0.12131875 0.27825625 0.13576875 0.2561421875 0.1338609375 0.246928125 0.12131875 0.246928125 0.12268281249999999 0.23464374999999998 0.11995625000000001 0.2254296875 0.10823281250000001 0.2364859375 0.09705625 0.253071875 0.0956921875 0.2764125 0.110959375 0.2813265625
1 0.35114531250000003 0.0964375 0.35114531250000003 0.1056515625 0.36014218750000004 0.1056515625 0.36014218750000004 0.0945953125 0.35114531250000003 0.0964375
1 0.1690296875 0.558353125 0.15239843749999998 0.5614250000000001 0.12050156249999999 0.5847671875 0.12404531249999999 0.606265625 0.155125 0.5847671875 0.17093750000000002 0.565725 0.1690296875 0.558353125
1 0.40076406249999996 0.7604421875 0.39749218750000004 0.7604421875 0.3917671875 0.766584375 0.391221875 0.7745703125000001 0.39394687500000003 0.7850125 0.390403125 0.7911546875 0.3966734375 0.8009828125 0.407034375 0.7979109375 0.40839687500000005 0.777640625 0.40076406249999996 0.7604421875
1 0.5152671875 0.1167078125 0.50926875 0.119778125 0.5152671875 0.1332921875 0.5201749999999999 0.12592187500000002 0.5152671875 0.1167078125
1 0.4926390625 0.013514062499999998 0.4904578125 0.0233421875 0.5049078125 0.030712499999999997 0.5049078125 0.0171984375 0.4926390625 0.013514062499999998
1 0.6134140625 0.097665625 0.6139578125 0.1056515625 0.6251359375 0.099509375 0.6229546874999999 0.093365625 0.6134140625 0.097665625
1 0.6147765625 0.12715 0.61559375 0.135134375 0.6237734374999999 0.1363640625 0.6237734374999999 0.12715 0.6147765625 0.12715
1 0.4312984375 0.2518421875 0.42012031250000004 0.2518421875 0.42012031250000004 0.2702703125 0.4326609375 0.26597031250000003 0.4326609375 0.2579859375 0.4312984375 0.2518421875
1 0.571428125 0.25491406250000004 0.5651578125000001 0.2561421875 0.564340625 0.2733421875 0.5719734375 0.2764125 0.5741546875 0.2629 0.571428125 0.25491406250000004
1 0.6464015625 0.36977812499999996 0.6409484375 0.3513515625 0.6341328125000001 0.349509375 0.6305890625 0.360565625 0.636859375 0.36547968750000004 0.6409484375 0.37285 0.6464015625 0.36977812499999996
1 0.6215921875 0.41953281249999996 0.6161390625000001 0.42260468749999996 0.60986875 0.44471718750000006 0.6161390625000001 0.45208906249999997 0.6237734374999999 0.428746875 0.6215921875 0.41953281249999996
1 0.6657578125 0.6578625 0.656215625 0.6590906249999999 0.656215625 0.670146875 0.6652125 0.6812046875 0.668484375 0.6640046875000001 0.6657578125 0.6578625
1 0.6464015625 0.442875 0.640403125 0.44778906249999995 0.6423125 0.468059375 0.6477640625000001 0.47420156249999995 0.6521265625 0.4649875 0.6464015625 0.442875