1 0.9442703124999999 0.2023140625 0.9421875 0.21805625 0.9559890624999999 0.2208328125 0.9598953124999999 0.2009265625 0.9442703124999999 0.2023140625
1 0.8416671875 0.3675921875 0.8247390625 0.3370375 0.7971359375 0.3773140625 0.8151046875000001 0.4101859375 0.8190109375000001 0.40648125 0.8416671875 0.3675921875
1 0.9908859375000001 0.7745375 0.9846359375 0.7791671874999999 0.9950515624999999 0.822221875 0.9984375 0.8148140625 0.9908859375000001 0.7745375
1 0.8513015625 0.8134265624999999 0.8604171875000001 0.78194375 0.8411453124999999 0.7648140625 0.8315109375 0.7893515625 0.83359375 0.7976859375 0.8513015625 0.8134265624999999
1 0.40052031250000003 0.8638890625 0.3950515625 0.8699078124999999 0.40390625 0.890740625 0.4109375 0.8796296874999999 0.40052031250000003 0.8638890625
1 0.9984375 0.21203750000000002 0.9984375 0.203703125 0.9963546875 0.2 0.9854171875000001 0.2268515625 0.9908859375000001 0.2351859375 0.9984375 0.21203750000000002
1 0.2151046875 0.66805625 0.2190109375 0.6606484375 0.2239578125 0.65 0.2033859375 0.6351859375 0.19921875 0.65 0.2013015625 0.6606484375 0.2151046875 0.66805625
1 0.3627609375 0.5324078125 0.3559890625 0.5324078125 0.3544265625 0.5384265625 0.3559890625 0.5481484375 0.3640625 0.5495375 0.3661453125 0.5421296875 0.3627609375 0.5324078125
1 0.49270781250000006 0.4236109375 0.49140625 0.4384265625 0.5065109375 0.44305625 0.5091140625 0.425 0.49270781250000006 0.4236109375
1 0.43776093749999995 0.39675937499999997 0.4361984375 0.3833328125 0.42109375 0.390740625 0.42109375 0.408796875 0.42942656250000005 0.408796875 0.42942656250000005 0.4018515625 0.43776093749999995 0.39675937499999997
1 0.48984375 0.48472187499999997 0.4830734375 0.49444375 0.50078125 0.5129625 0.5036453125 0.5041671875 0.48984375 0.48472187499999997
1 0.1140625 0.23055625000000002 0.1161453125 0.25601875 0.12369843750000001 0.25 0.11953125 0.22546249999999998 0.1140625 0.23055625000000002
1 0.0169265625 0.641203125 0.0130203125 0.6486109375 0.011457812500000001 0.6754625 0.021875 0.6791671874999999 0.0265625 0.6717593749999999 0.02734375 0.6425921875 0.0169265625 0.641203125
1 0.6666671875 0.8773140625 0.65703125 0.8773140625 0.6528640625000001 0.8870374999999999 0.6520828125 0.8990734375 0.6596359374999999 0.902778125 0.6666671875 0.8990734375 0.6666671875 0.8773140625
1 0.0635421875 0.9620374999999999 0.060676562499999996 0.9694437499999999 0.0723953125 0.9828703125 0.0802078125 0.9643515624999999 0.0635421875 0.9620374999999999
1 0.06015625 0.22268593750000001 0.06015625 0.20277812499999998 0.053125 0.2018515625 0.0518234375 0.21898125 0.05234375 0.227778125 0.06015625 0.22268593750000001
1 0.4973953125 0.9907406249999999 0.49270781250000006 0.9990734375000001 0.5098953125000001 0.9976859375 0.5098953125000001 0.9916671875 0.4973953125 0.9907406249999999