1 0.013631250000000001 0.494471875 0.0005453125 0.5159703125 0.0005453125 0.55036875 0.0253546875 0.5128999999999999 0.02944375 0.5018421875 0.023445312500000003 0.4895578125 0.013631250000000001 0.494471875
1 0.6507640625 0.9545453125 0.656215625 0.9281328125 0.654034375 0.9189187499999999 0.6485828125 0.9097046875 0.6423125 0.9047906250000001 0.6360421875 0.929975 0.6305890625 0.947175 0.6327703125 0.9686734375 0.63004375 0.9778874999999999 0.6341328125000001 0.9840296875 0.6376765625 0.9778874999999999 0.64585625 0.9766578125 0.6507640625 0.9545453125
1 0.41384999999999994 0.5878375 0.425571875 0.5909093750000001 0.4291171875 0.5454546875 0.41821093749999994 0.5423828125 0.41384999999999994 0.5878375
1 0.2559984375 0.2364859375 0.252453125 0.237715625 0.251090625 0.24262968749999997 0.2559984375 0.26105625 0.26063281250000003 0.25491406250000004 0.2559984375 0.2364859375
1 0.23446093750000002 0.1167078125 0.22818906249999998 0.135134375 0.235278125 0.13820625 0.24073125 0.1167078125 0.23446093750000002 0.1167078125
1 0.3241546875 0 0.3263359375 0.021498437500000002 0.3290625 0.044840625 0.3366953125 0.0399265625 0.3331515625 0.015356249999999998 0.3276984375 0 0.3241546875 0
1 0.6003265625 0.1615484375 0.599509375 0.14619218750000001 0.5962375 0.1474203125 0.59269375 0.1615484375 0.58915 0.1879609375 0.5935109375 0.19103125 0.5967828125 0.18980312500000002 0.6003265625 0.1615484375
1 0.197109375 0.0902953125 0.1911125 0.08538124999999999 0.1870234375 0.0964375 0.1952015625 0.1038078125 0.20147187500000002 0.097665625 0.197109375 0.0902953125
1 0.951471875 0.1861171875 0.942475 0.20024531250000002 0.936478125 0.21314531250000002 0.9397484374999999 0.2192875 0.9528359375000001 0.1879609375 0.951471875 0.1861171875
1 0.918484375 0.209459375 0.9247546874999999 0.222359375 0.9392046875 0.237715625 0.9419296875000001 0.22850156250000003 0.9302078125 0.2113015625 0.9203921875000001 0.2063875 0.918484375 0.209459375
1 0.6652125 0.3218671875 0.6714828125000001 0.305896875 0.6693015625000001 0.2813265625 0.6638499999999999 0.2702703125 0.6575796875 0.2764125 0.6589421875 0.2843984375 0.658125 0.30466875 0.6624859375 0.3218671875 0.6652125 0.3218671875
1 0.20692499999999997 0.0835375 0.21046874999999998 0.0884515625 0.21237656249999998 0.0915234375 0.21592187499999999 0.0884515625 0.215103125 0.08538124999999999 0.21864843750000001 0.07739531250000001 0.2164671875 0.070025 0.21183281250000002 0.0632671875 0.2074703125 0.071253125 0.2074703125 0.07739531250000001 0.20692499999999997 0.0835375
1 0.9473828125000001 0.2192875 0.9528359375000001 0.209459375 0.9522906250000001 0.1990171875 0.935659375 0.18488906249999998 0.9266625 0.19103125 0.9233921875 0.20024531250000002 0.9233921875 0.20823125 0.9329328125 0.2143734375 0.9473828125000001 0.2192875
1 0.22764375 0.12899218750000002 0.22273749999999998 0.114865625 0.21864843750000001 0.1179359375 0.2235546875 0.135134375 0.22764375 0.135134375 0.22764375 0.12899218750000002
1 0.20556093749999998 0.1038078125 0.21101406250000002 0.0884515625 0.20556093749999998 0.08230937499999999 0.2006546875 0.093365625 0.20556093749999998 0.1038078125