1 0.6802078125000001 0.9637593750000001 0.695475 0.9250609375 0.6913843749999999 0.9097046875 0.68320625 0.8986484375 0.6679390625 0.9391890625 0.6643953125000001 0.96253125 0.66166875 0.9735875 0.6652125 0.9871000000000001 0.669846875 0.985871875 0.674209375 0.970515625 0.6802078125000001 0.9637593750000001
1 0.7423671875 0.3931203125 0.743184375 0.413390625 0.7508171875 0.41031874999999995 0.7480921875 0.3900484375 0.7423671875 0.3931203125
1 0.468375 0.520884375 0.47191875000000005 0.5300984375 0.5594328125 0.4305890625 0.5539796875 0.41953281249999996 0.468375 0.520884375
1 0.46919374999999997 0.44778906249999995 0.46973750000000003 0.4305890625 0.46564843749999996 0.4305890625 0.462921875 0.45208906249999997 0.46155937500000005 0.45515937500000003 0.460196875 0.4785015625 0.46428593749999997 0.4852578125 0.468375 0.48034375 0.47055625 0.4600734375 0.46919374999999997 0.44778906249999995
1 0.516903125 0.19103125 0.5160843749999999 0.1959453125 0.5256265625000001 0.22850156250000003 0.53953125 0.2235875 0.5299890625 0.18980312500000002 0.5264453125 0.1861171875 0.516903125 0.19103125
1 0.848146875 0.7321875 0.847328125 0.7401718749999999 0.8508718749999999 0.7414 0.8514171875000001 0.7340296875 0.848146875 0.7321875
1 0.9397484374999999 0.6001234375 0.934296875 0.5909093750000001 0.932115625 0.5816953125000001 0.9233921875 0.5816953125000001 0.918484375 0.5878375 0.9217562499999999 0.6001234375 0.9280265625 0.60319375 0.9329328125 0.6124078125 0.9397484374999999 0.6001234375
1 0.7333703125000001 0.3525796875 0.7382765625000001 0.36855000000000004 0.7445468749999999 0.3667078125 0.7377312500000001 0.3464375 0.7333703125000001 0.3525796875
1 0.7562703125 0.2143734375 0.7527265625 0.21314531250000002 0.7450921875 0.2254296875 0.7472734375 0.2328015625 0.7508171875 0.23464374999999998 0.7576328125 0.220515625 0.7562703125 0.2143734375
1 0.7450921875 0.345209375 0.7390953125 0.345209375 0.743184375 0.3636359375 0.7494546875 0.3636359375 0.7450921875 0.345209375
1 0.8702296875 0.0386984375 0.865321875 0.033784375 0.8555078125 0.0325546875 0.8522359375 0.0497546875 0.8598687500000001 0.060196875000000004 0.865321875 0.0632671875 0.8715921874999999 0.055896875 0.8702296875 0.0386984375
1 0.7887125 0.16339062499999998 0.78735 0.178746875 0.8004359375 0.17076093750000002 0.7949843750000001 0.16339062499999998 0.7887125 0.16339062499999998
1 0.8364234375 0.1167078125 0.830153125 0.114865625 0.8266078125 0.12284999999999999 0.8260624999999999 0.12715 0.829334375 0.1320640625 0.8334234374999999 0.12899218750000002 0.8383312500000001 0.12284999999999999 0.8364234375 0.1167078125
1 0.902671875 0.0761671875 0.8909484375 0.08968125 0.8950374999999999 0.1007375 0.9067609375 0.08046718750000001 0.9059437499999999 0.074325 0.902671875 0.0761671875
1 0.9509265625 0.23157187499999998 0.9460203125 0.2364859375 0.9468375 0.246928125 0.9509265625 0.2518421875 0.9541984375 0.248771875 0.953653125 0.23955781250000002 0.9509265625 0.23157187499999998
1 0.9735546875000001 0.23955781250000002 0.969465625 0.23464374999999998 0.9631953125000001 0.24078593750000002 0.955015625 0.2629 0.9599234375 0.2702703125 0.9702828125 0.25 0.9735546875000001 0.23955781250000002