1 0.3931296875 0.1167078125 0.38985781249999996 0.1167078125 0.389040625 0.12899218750000002 0.3953109375 0.253071875 0.40076406249999996 0.248771875 0.3953109375 0.130221875 0.3931296875 0.1167078125
1 0.518265625 0.2629 0.514721875 0.2561421875 0.4940015625 0.26105625 0.4961828125 0.2893125 0.5160843749999999 0.28624062499999997 0.5201749999999999 0.2813265625 0.518265625 0.2629
1 0.020446875 0.179975 0.017720312499999998 0.167690625 0.0117234375 0.1664625 0.0005453125 0.175675 0 0.194103125 0.0149953125 0.1861171875 0.020446875 0.179975
1 0 0.75245625 0.0054531250000000005 0.74324375 0.0073609375 0.6885749999999999 0 0.6965609374999999 0 0.75245625
1 0.17311875000000002 0.7045453125 0.160578125 0.6977890625 0.1564890625 0.7106874999999999 0.155125 0.7211296875000001 0.169575 0.724815625 0.17311875000000002 0.7149875 0.17311875000000002 0.7045453125
1 0.13713124999999998 0.6793609375 0.13795 0.685503125 0.1420390625 0.684275 0.141221875 0.676290625 0.13713124999999998 0.6793609375
1 0.29116718750000004 0.5319406250000001 0.2876234375 0.5485265625 0.29934531249999996 0.558353125 0.30343437500000003 0.5411546875 0.29116718750000004 0.5319406250000001
1 0.344875 0.5749390625 0.3399671875 0.5909093750000001 0.35114531250000003 0.60319375 0.35659687500000004 0.589065625 0.344875 0.5749390625
1 0.39749218750000004 0.057125 0.3980375 0.074325 0.3966734375 0.0792390625 0.39749218750000004 0.1038078125 0.40294375000000004 0.097665625 0.4021265625 0.0792390625 0.40021874999999996 0.0761671875 0.39940000000000003 0.057125 0.39749218750000004 0.057125
1 0.39885468749999997 0.08046718750000001 0.39749218750000004 0.08046718750000001 0.39749218750000004 0.099509375 0.396128125 0.10257968749999999 0.3980375 0.1363640625 0.4021265625 0.13820625 0.40430781250000003 0.135134375 0.40294375000000004 0.10687968750000001 0.40076406249999996 0.1007375 0.39885468749999997 0.08046718750000001
1 0.22764375 0.2235875 0.22273749999999998 0.2113015625 0.21919375 0.2113015625 0.2145578125 0.22972968749999997 0.21592187499999999 0.25491406250000004 0.2213734375 0.26105625 0.22628125 0.2579859375 0.22764375 0.2518421875 0.22764375 0.2235875