1 0.2809890625 0.9467593750000001 0.278125 0.952778125 0.2893234375 0.965278125 0.2919265625 0.9490734375000001 0.2809890625 0.9467593750000001
1 0.44244843749999996 0.6435187499999999 0.4466140625 0.6300921875000001 0.4265625 0.6143515625 0.42265625 0.6277781250000001 0.42604218749999995 0.633796875 0.4361984375 0.646296875 0.44244843749999996 0.6435187499999999
1 0.2721359375 0.18148124999999998 0.2705734375 0.1986109375 0.278125 0.1986109375 0.27890625 0.18148124999999998 0.2721359375 0.18148124999999998
1 0.3421875 0.21111093749999998 0.3372390625 0.2083328125 0.33515625 0.21342656249999997 0.3380203125 0.2365734375 0.3455734375 0.234259375 0.3421875 0.21111093749999998
1 0.13046875 0.59351875 0.1283859375 0.597221875 0.1270828125 0.5995375000000001 0.1296875 0.603240625 0.1325515625 0.5995375000000001 0.1325515625 0.5958328125000001 0.13046875 0.59351875
1 0.1807296875 0.6634265625 0.1833328125 0.6606484375 0.1833328125 0.65694375 0.1799484375 0.65601875 0.1786453125 0.6583328125000001 0.1807296875 0.6634265625
1 0.146875 0.66944375 0.14765625 0.677778125 0.1559890625 0.6740734374999999 0.1559890625 0.665740625 0.146875 0.66944375
1 0.615625 0.8541671875000001 0.6239578125 0.8736109375 0.6286453125 0.8625 0.6205734374999999 0.8453703125 0.615625 0.8541671875000001
1 0.2424484375 0.633796875 0.2424484375 0.6263890625 0.2322921875 0.6263890625 0.2286453125 0.633796875 0.22734375 0.6620375000000001 0.23828125 0.6671296875 0.2424484375 0.65694375 0.2424484375 0.633796875
1 0.884375 0.8611109375 0.8776046875000001 0.8611109375 0.8721359375000001 0.8708328125 0.8721359375000001 0.8796296874999999 0.87890625 0.8856484375000001 0.88515625 0.8782406249999999 0.884375 0.8611109375
1 0.58203125 0.5129625 0.575 0.5203703125 0.57578125 0.534721875 0.58203125 0.533796875 0.5854171874999999 0.528703125 0.58203125 0.5129625
1 0.65703125 0.3773140625 0.65546875 0.366203125 0.6473953125 0.366203125 0.63984375 0.3708328125 0.6403640625 0.390740625 0.6486984375 0.39305625 0.65 0.384721875 0.65703125 0.3773140625
1 0.7145828125 0.40648125 0.7140625 0.4199078125 0.7276046875 0.428703125 0.7296875 0.40509218750000003 0.7145828125 0.40648125
1 0.39375 0.591203125 0.3971359375 0.5888890625000001 0.3979171875 0.5851859375 0.3950515625 0.5824078125 0.39296875 0.5875 0.39375 0.591203125
1 0.72421875 0.48842656250000005 0.7125 0.466203125 0.7078125 0.46759218750000003 0.7057296875 0.4763890625 0.7174484375 0.49351874999999995 0.7216140625 0.49583281250000005 0.72421875 0.48842656250000005
1 0.39375 0.60555625 0.3963546875 0.6166671874999999 0.39921875 0.6129625 0.3963546875 0.6023140625 0.39375 0.60555625
1 0.8286453125 0.4518515625 0.8265625 0.4638890625 0.8348953124999999 0.46990781249999997 0.8341140625 0.45277812500000003 0.8286453125 0.4518515625
1 0.8705734375 0.20601875 0.8721359375000001 0.21574062500000002 0.8817703124999999 0.21481406249999999 0.8755203125 0.2023140625 0.8705734375 0.20601875