1 0.2988 0.45700312500000007 0.29525625 0.45393125 0.2917125 0.45208906249999997 0.2786265625 0.5036859375 0.2835328125 0.5098281250000001 0.288440625 0.5086 0.302071875 0.4588453125 0.2988 0.45700312500000007
1 0.3407859375 0.175675 0.3399671875 0.16953281250000002 0.32824375 0.16461874999999998 0.322246875 0.183046875 0.32824375 0.1922609375 0.3366953125 0.1990171875 0.3407859375 0.175675
1 0.47546406250000006 0.6517203125 0.47737187499999995 0.64680625 0.476009375 0.6406640625 0.46701249999999994 0.63145 0.4607421875 0.6406640625 0.46374062499999996 0.6652328125 0.46973750000000003 0.6713765625 0.47546406250000006 0.6590906249999999 0.47546406250000006 0.6517203125
1 0.640403125 0.6904171875 0.6553984374999999 0.6885749999999999 0.652671875 0.670146875 0.6513093750000001 0.6517203125 0.6376765625 0.64680625 0.62568125 0.643734375 0.6251359375 0.6578625 0.629225 0.6640046875000001 0.63004375 0.6812046875 0.640403125 0.6904171875
1 0.8274265625 0.6265359375 0.827971875 0.61425 0.8225187500000001 0.61425 0.8148859375 0.5982796875 0.8094328125000001 0.6203937500000001 0.8225187500000001 0.6375921875 0.8266078125 0.6375921875 0.8274265625 0.6265359375
1 0.8432390625 0.7979109375 0.843784375 0.7850125 0.8391500000000001 0.7788703124999999 0.8334234374999999 0.7807125 0.831515625 0.79606875 0.8328796875 0.8175671875000001 0.8347875 0.8206390625 0.8391500000000001 0.824325 0.8432390625 0.7979109375
1 0.495365625 0.264128125 0.491821875 0.26597031250000003 0.4899125 0.2702703125 0.4899125 0.28624062499999997 0.4961828125 0.28746875 0.4961828125 0.2721125 0.495365625 0.264128125
1 0.6450375 0.332309375 0.633315625 0.345209375 0.636859375 0.3525796875 0.6485828125 0.3402953125 0.6450375 0.332309375
1 0.5098140625 0.108721875 0.50926875 0.10257968749999999 0.50354375 0.099509375 0.4980921875 0.1056515625 0.505725 0.12100781249999999 0.512540625 0.1167078125 0.5098140625 0.108721875
1 0.639040625 0.1861171875 0.6382218749999999 0.194103125 0.6494 0.20208906249999997 0.6499453125 0.19103125 0.639040625 0.1861171875
1 0.5774265625 0.124078125 0.5774265625 0.1320640625 0.585878125 0.1320640625 0.5850593749999999 0.12284999999999999 0.5774265625 0.124078125