1 0.44983593749999995 0.7119171875 0.447109375 0.7076171875 0.443565625 0.7057734375 0.4408390625 0.7180593749999999 0.4416578125 0.724815625 0.444384375 0.729115625 0.44901875 0.7309578125 0.44983593749999995 0.72604375 0.44983593749999995 0.7119171875
1 0.4133046875 0.0399265625 0.411940625 0.0386984375 0.4092140625 0.060196875000000004 0.411940625 0.1007375 0.41384999999999994 0.1056515625 0.41739375 0.099509375 0.4152125 0.055896875 0.4133046875 0.0399265625
1 0.5098140625 0.183046875 0.50790625 0.178746875 0.4899125 0.18181875 0.49127656249999996 0.20208906249999997 0.5098140625 0.197175 0.511178125 0.192875 0.5098140625 0.183046875
1 0.407034375 0.183046875 0.4146671875 0.183046875 0.4092140625 0.093365625 0.4056703125 0.0964375 0.407034375 0.183046875
1 0.36423125 0.3949625 0.36014218750000004 0.409090625 0.3705015625 0.41830468749999994 0.374590625 0.4054046875 0.36423125 0.3949625
1 0.27535468750000003 0.16953281250000002 0.27235624999999997 0.1584765625 0.2677203125 0.1584765625 0.2663578125 0.16953281250000002 0.2663578125 0.1879609375 0.269084375 0.194103125 0.27235624999999997 0.192875 0.27535468750000003 0.18488906249999998 0.27535468750000003 0.16953281250000002
1 0.08833125 0.14434843749999998 0.0875140625 0.150490625 0.093784375 0.152334375 0.109596875 0.14619218750000001 0.11177812499999999 0.13820625 0.11041406250000001 0.130221875 0.0924203125 0.13820625 0.08833125 0.14434843749999998
1 0.079334375 0.483415625 0.0730640625 0.5221125 0.0875140625 0.5128999999999999 0.0910578125 0.4754296875 0.079334375 0.483415625
1 0.322246875 0.36855000000000004 0.3173390625 0.3789921875 0.3276984375 0.386978125 0.33260625 0.371621875 0.322246875 0.36855000000000004
1 0.21374062500000002 0.483415625 0.21046874999999998 0.4957 0.2213734375 0.498771875 0.22491875 0.483415625 0.21374062500000002 0.483415625
1 0.1262265625 0.8894343750000001 0.128953125 0.8802218749999999 0.12813593750000002 0.8753078125 0.12404531249999999 0.8660937499999999 0.117775 0.8599515625 0.113140625 0.8581078124999999 0.10414375000000001 0.8832921875 0.10005468749999999 0.9047906250000001 0.11041406250000001 0.9078625 0.11859375000000001 0.906634375 0.1262265625 0.8894343750000001