1 0.33124375 0.5270265625 0.33396875000000004 0.5718671875 0.34623750000000003 0.565725 0.3435109375 0.5178125 0.33124375 0.5270265625
1 0.585878125 0.654790625 0.5877859375 0.6345203125000001 0.583696875 0.6246921875 0.57688125 0.6203937500000001 0.5719734375 0.6375921875 0.5697921874999999 0.648034375 0.567884375 0.67321875 0.5727921874999999 0.6885749999999999 0.5719734375 0.6947171875 0.5787890625000001 0.6885749999999999 0.5864234374999999 0.6793609375 0.585878125 0.654790625
1 0.9915484375 0.562653125 0.9901859375000001 0.5718671875 0.9901859375000001 0.579853125 0.9991828125 0.5859953124999999 0.9991828125 0.5552828125 0.994275 0.5552828125 0.9915484375 0.562653125
1 0.902671875 0.3292390625 0.9059437499999999 0.3108109375 0.8942203125000001 0.3077390625 0.88795 0.30466875 0.8784078125000001 0.2936125 0.868865625 0.3095828125 0.8748640625 0.33906562500000004 0.8865859374999999 0.3421375 0.8955828125 0.3372234375 0.902671875 0.3292390625
1 0.9950921875000001 0.1007375 0.9956375 0.0945953125 0.994275 0.0835375 0.988821875 0.0902953125 0.985278125 0.0902953125 0.9820062500000001 0.10687968750000001 0.988821875 0.1099515625 0.9929109374999999 0.11179375 0.9950921875000001 0.1007375
1 0.0365328125 0.3187953125 0.030262499999999998 0.3108109375 0.023990624999999998 0.3187953125 0.021265625 0.328009375 0.028898437500000002 0.3292390625 0.032987499999999996 0.328009375 0.0365328125 0.3187953125
1 0.130315625 0.413390625 0.11913906249999999 0.40110625000000005 0.1158671875 0.4041765625 0.1150484375 0.41031874999999995 0.126771875 0.425675 0.1294984375 0.4213765625 0.130315625 0.413390625
1 0.075790625 0.2966828125 0.07170156250000001 0.3261671875 0.079334375 0.32493906250000004 0.0820609375 0.2936125 0.075790625 0.2966828125
1 0.033806249999999996 0.2997546875 0.02944375 0.2997546875 0.028898437500000002 0.305896875 0.0321703125 0.305896875 0.033806249999999996 0.2997546875
1 0.444384375 0 0.4430203125 0.020270312500000002 0.44574687500000004 0.0479109375 0.45338124999999996 0.04176875 0.4520171875 0.018428125 0.4462921875 0 0.444384375 0
1 0.0357140625 0.316953125 0.039803125 0.320025 0.0425296875 0.316953125 0.0425296875 0.29545468750000003 0.0378953125 0.2936125 0.0357140625 0.2985265625 0.0357140625 0.316953125
1 0.17311875000000002 0.1363640625 0.17448125 0.124078125 0.1600328125 0.093365625 0.1496734375 0.08046718750000001 0.146946875 0.086609375 0.15294375 0.11302187500000001 0.16766562499999998 0.14312031249999999 0.17311875000000002 0.1363640625
1 0.072246875 0.33108125 0.072246875 0.3230953125 0.06325 0.3138828125 0.05997812500000001 0.316953125 0.057796875000000004 0.32493906250000004 0.06679375 0.33599531250000003 0.0708828125 0.3341515625 0.072246875 0.33108125
1 0.5313515625 0.10257968749999999 0.5354421874999999 0.07739531250000001 0.5313515625 0.060196875000000004 0.5242640625 0.055896875 0.5196296874999999 0.066953125 0.5229 0.0902953125 0.5278078125000001 0.10257968749999999 0.5313515625 0.10257968749999999
1 0.0425296875 0.29545468750000003 0.0482546875 0.2733421875 0.040621875 0.2702703125 0.0365328125 0.28746875 0.0343515625 0.2997546875 0.0425296875 0.29545468750000003
1 0.046073437499999995 0.2825546875 0.0411671875 0.28624062499999997 0.040621875 0.2923828125 0.043348437499999996 0.2966828125 0.0468921875 0.301596875 0.0482546875 0.2966828125 0.05098125 0.2923828125 0.04961875 0.2825546875 0.046073437499999995 0.2825546875