1 0.5029984375 0.7199015625 0.50218125 0.729115625 0.512540625 0.72604375 0.512540625 0.7211296875000001 0.5029984375 0.7199015625
1 0.447109375 0.684275 0.43729531250000003 0.6885749999999999 0.43729531250000003 0.6904171875 0.4408390625 0.7199015625 0.444384375 0.7199015625 0.44901875 0.7149875 0.44765468750000004 0.6885749999999999 0.447109375 0.684275
1 0.34569218749999997 0 0.34569218749999997 0.0104421875 0.34623750000000003 0.029484375 0.34841875 0.030712499999999997 0.3503265625 0.029484375 0.34978125000000004 0.007370312499999999 0.3476015625 0 0.34569218749999997 0
1 0.40021874999999996 0.0632671875 0.4021265625 0.0730953125 0.4152125 0.06818125 0.41248593749999996 0.057125 0.40021874999999996 0.0632671875
1 0.34569218749999997 0.070025 0.34978125000000004 0.070025 0.34705625 0.029484375 0.342965625 0.029484375 0.34569218749999997 0.070025
1 0.422846875 0.44901718749999997 0.4250265625 0.441646875 0.425571875 0.4324328125 0.4236640625 0.428746875 0.4152125 0.425675 0.4133046875 0.438575 0.41657656249999997 0.44778906249999995 0.42093749999999996 0.44901718749999997 0.422846875 0.44901718749999997
1 0.17448125 0.3525796875 0.17039218750000001 0.3482796875 0.1668484375 0.343365625 0.161940625 0.3464375 0.15594375 0.3593359375 0.155125 0.36977812499999996 0.1613953125 0.371621875 0.17039218750000001 0.36977812499999996 0.17448125 0.3525796875
1 0.11913906249999999 0.20823125 0.1158671875 0.21314531250000002 0.114503125 0.23157187499999998 0.12350000000000001 0.22850156250000003 0.12404531249999999 0.209459375 0.11913906249999999 0.20823125
1 0.249728125 0.0632671875 0.2470015625 0.05896875 0.24427500000000002 0.060196875000000004 0.24345625 0.06818125 0.24345625 0.074325 0.2448203125 0.07739531250000001 0.248909375 0.0761671875 0.249728125 0.071253125 0.249728125 0.0632671875
1 0.21592187499999999 0.2033171875 0.21592187499999999 0.2113015625 0.22491875 0.2113015625 0.22491875 0.20208906249999997 0.21592187499999999 0.2033171875
1 0.2889859375 0.152334375 0.2876234375 0.1597046875 0.29525625 0.1615484375 0.2974375 0.1535625 0.2889859375 0.152334375
1 0.09705625 0.0620390625 0.10332656250000001 0.0632671875 0.1158671875 0.0620390625 0.1150484375 0.0466828125 0.1006 0.050982812499999995 0.0965109375 0.05896875 0.09705625 0.0620390625
1 0.3195203125 0.1584765625 0.316521875 0.167690625 0.3241546875 0.1726046875 0.3276984375 0.16461874999999998 0.3195203125 0.1584765625
1 0.7260093750000001 0.8458234375 0.73064375 0.8439796875000001 0.7292796874999999 0.8347671875 0.7333703125000001 0.8347671875 0.732825 0.8273953125 0.73200625 0.8163390625 0.7265546875 0.8071249999999999 0.7314609375 0.8009828125 0.7314609375 0.7929968749999999 0.7243734374999999 0.7757984375 0.7170124999999999 0.770884375 0.71483125 0.7604421875 0.7039265625 0.75245625 0.7052890625 0.7727265625 0.69901875 0.7880828125 0.7052890625 0.8114250000000001 0.7175578125000001 0.8378375 0.7260093750000001 0.8458234375