1 0.5264453125 0.63145 0.5209921875 0.621621875 0.4899125 0.6234640625 0.491821875 0.6781328125 0.52371875 0.6713765625 0.5286265625000001 0.660934375 0.5264453125 0.63145
1 0.8598687500000001 0.755528125 0.8604140625 0.7493859375 0.8604140625 0.74324375 0.8576874999999999 0.7371000000000001 0.8514171875000001 0.7383296875 0.8383312500000001 0.74754375 0.8383312500000001 0.75245625 0.8410578125000001 0.7616703125 0.8467828125000001 0.7635140625 0.8598687500000001 0.755528125
1 0.41603124999999996 0.093365625 0.41384999999999994 0.086609375 0.390403125 0.086609375 0.389040625 0.108721875 0.3917671875 0.1167078125 0.41657656249999997 0.11179375 0.41603124999999996 0.093365625
1 0.8217015625 0.39619218749999996 0.8383312500000001 0.36977812499999996 0.831515625 0.35749375 0.814340625 0.3777640625 0.8217015625 0.39619218749999996
1 0.7742640625 0.24078593750000002 0.7810796875 0.24262968749999997 0.778353125 0.220515625 0.7756265625000001 0.220515625 0.7729 0.21314531250000002 0.7666296874999999 0.2174453125 0.7701749999999999 0.237715625 0.7742640625 0.237715625 0.7742640625 0.24078593750000002
1 0.8170671875 0.3402953125 0.811340625 0.33108125 0.8072515625 0.33108125 0.8058890625 0.33599531250000003 0.8045249999999999 0.343365625 0.8072515625 0.35565156249999996 0.8086156250000001 0.3789921875 0.814340625 0.38390625 0.8217015625 0.3667078125 0.8170671875 0.3402953125
1 0.7775359374999999 0.209459375 0.7818968749999999 0.2143734375 0.7810796875 0.2063875 0.7788984375 0.20515937499999998 0.7775359374999999 0.209459375
1 0.790621875 0.20024531250000002 0.7892578125 0.20515937499999998 0.7996187499999999 0.21621562499999997 0.8018000000000001 0.2063875 0.790621875 0.20024531250000002
1 0.794165625 0.23157187499999998 0.7900765625 0.22972968749999997 0.7818968749999999 0.2518421875 0.7832609374999999 0.2592140625 0.78735 0.2592140625 0.7968921875 0.23464374999999998 0.794165625 0.23157187499999998
1 0.8026171874999999 0.222359375 0.7968921875 0.2254296875 0.7968921875 0.24262968749999997 0.7982546875 0.25491406250000004 0.8045249999999999 0.2518421875 0.8072515625 0.24569999999999997 0.809978125 0.23464374999999998 0.8026171874999999 0.222359375
1 0.7887125 0.23157187499999998 0.8031625 0.2254296875 0.811340625 0.2143734375 0.8107953125 0.20823125 0.8067062500000001 0.2033171875 0.7968921875 0.2143734375 0.7865328125 0.2266578125 0.7887125 0.23157187499999998