1 0.4678296875 0.6013515625 0.46428593749999997 0.6093359375 0.46374062499999996 0.6246921875 0.4678296875 0.628378125 0.4711015625 0.6234640625 0.4711015625 0.6081078125 0.4678296875 0.6013515625
1 0.5029984375 0.1615484375 0.5070890625 0.179975 0.5264453125 0.1738328125 0.52235625 0.1615484375 0.5029984375 0.1615484375
1 0.42993437500000004 0.093365625 0.427753125 0.0915234375 0.42993437500000004 0.167690625 0.43402343749999994 0.167690625 0.43538750000000004 0.167690625 0.43184218750000003 0.1007375 0.42993437500000004 0.093365625
1 0.391221875 0.3464375 0.38713125000000004 0.360565625 0.39749218750000004 0.36855000000000004 0.40076406249999996 0.3593359375 0.391221875 0.3464375
1 0.2587234375 0.41953281249999996 0.2551796875 0.4336609375 0.2655390625 0.4336609375 0.268265625 0.41953281249999996 0.2587234375 0.41953281249999996
1 0.14285781250000001 0.4213765625 0.141221875 0.435503125 0.1393125 0.45208906249999997 0.15021875 0.44778906249999995 0.15021875 0.435503125 0.15294375 0.41830468749999994 0.14285781250000001 0.4213765625
1 0.3533265625 0.3230953125 0.34978125000000004 0.33599531250000003 0.3593234375 0.3402953125 0.36205 0.3292390625 0.3533265625 0.3230953125
1 0.18620468750000002 0.751228125 0.1883859375 0.7414 0.1840234375 0.7383296875 0.179934375 0.724815625 0.17448125 0.724815625 0.169575 0.7321875 0.16275937499999998 0.75245625 0.164121875 0.7678125 0.182115625 0.766584375 0.18075312500000001 0.7586 0.18620468750000002 0.751228125
1 0.305615625 0.14926250000000002 0.3047984375 0.1535625 0.30343437500000003 0.1615484375 0.304253125 0.1738328125 0.30697968750000004 0.178746875 0.3105234375 0.175675 0.3105234375 0.156634375 0.305615625 0.14926250000000002
1 0.15294375 0.1332921875 0.1496734375 0.141278125 0.146946875 0.14312031249999999 0.146946875 0.14926250000000002 0.15239843749999998 0.150490625 0.160578125 0.150490625 0.1668484375 0.14434843749999998 0.166303125 0.1363640625 0.164121875 0.135134375 0.15294375 0.1332921875
1 0.43320625 0.0399265625 0.43184218750000003 0.060196875000000004 0.43320625 0.0964375 0.43538750000000004 0.097665625 0.438659375 0.0964375 0.43729531250000003 0.060196875000000004 0.43456875000000006 0.0399265625 0.43320625 0.0399265625