1 0.5278078125000001 0.030712499999999997 0.5256265625000001 0.029484375 0.52371875 0.030712499999999997 0.518265625 0.055896875 0.516903125 0.086609375 0.5209921875 0.0902953125 0.5256265625000001 0.0902953125 0.5291718750000001 0.05896875 0.5278078125000001 0.030712499999999997
1 0.988821875 0.35565156249999996 0.991003125 0.3667078125 0.9983640625 0.3789921875 0.9991828125 0.360565625 0.9923671875 0.3464375 0.988821875 0.35565156249999996
1 0.47955312499999997 0.589065625 0.478734375 0.5859953124999999 0.476009375 0.5847671875 0.47546406250000006 0.589065625 0.47737187499999995 0.5921375 0.47955312499999997 0.589065625
1 0.7584515625 0.42260468749999996 0.7562703125 0.41830468749999994 0.75218125 0.4164625 0.743184375 0.4305890625 0.7437296875 0.4367328125 0.7472734375 0.441646875 0.7584515625 0.42751875000000006 0.7584515625 0.42260468749999996
1 0.459378125 0.3931203125 0.4664671875 0.375921875 0.4623765625 0.36977812499999996 0.45610625000000005 0.3888203125 0.459378125 0.3931203125
1 0.496728125 0.45208906249999997 0.4948203125 0.44471718750000006 0.49890937500000004 0.44471718750000006 0.496728125 0.428746875 0.480915625 0.428746875 0.4800984375 0.45515937500000003 0.48500468750000003 0.4600734375 0.496728125 0.45208906249999997
1 0.567884375 0.3482796875 0.5616140625 0.3624078125 0.5782437500000001 0.3900484375 0.587240625 0.3900484375 0.567884375 0.3482796875
1 0.47055625 0.4164625 0.4678296875 0.41523281250000005 0.46701249999999994 0.42260468749999996 0.46973750000000003 0.42260468749999996 0.47055625 0.4164625
1 0.48773125000000006 0.409090625 0.4822796875 0.3888203125 0.48282499999999995 0.3808359375 0.47328281250000004 0.3513515625 0.46701249999999994 0.35749375 0.46428593749999997 0.3624078125 0.47409999999999997 0.3900484375 0.48500468750000003 0.4121625 0.48773125000000006 0.409090625
1 0.5049078125 0.4305890625 0.50790625 0.41523281250000005 0.491821875 0.39619218749999996 0.48773125000000006 0.41031874999999995 0.5049078125 0.4305890625
1 0.4961828125 0.3918921875 0.49890937500000004 0.3888203125 0.4961828125 0.36977812499999996 0.49318437499999995 0.36977812499999996 0.48146093749999996 0.3777640625 0.4836421875 0.3949625 0.4961828125 0.3918921875
1 0.5706109374999999 0.3918921875 0.5670671875 0.386978125 0.5539796875 0.3900484375 0.5539796875 0.39926249999999996 0.5651578125000001 0.4054046875 0.5692468749999999 0.402334375 0.571428125 0.4072484375 0.5877859375 0.4041765625 0.5877859375 0.386978125 0.5719734375 0.386978125 0.5706109374999999 0.3918921875