1 0.2841140625 0.615740625 0.2828125 0.6328703124999999 0.2903640625 0.63148125 0.2924484375 0.615740625 0.2841140625 0.615740625
1 0.41458281250000006 0.2773140625 0.40703125 0.2856484375 0.40911406250000004 0.2916671875 0.41744843749999994 0.28194375 0.41458281250000006 0.2773140625
1 0.5471359375 0.2245375 0.5513015625000001 0.23055625000000002 0.5638015625 0.22546249999999998 0.5575515625 0.2171296875 0.5471359375 0.2245375
1 0.83359375 0.3898140625 0.8348953124999999 0.40694375000000005 0.8604171875000001 0.4120375 0.8583328124999999 0.39259218749999997 0.83359375 0.3898140625
1 0.6864578125 0.1333328125 0.6947921874999999 0.1458328125 0.6997390625000001 0.1398140625 0.69140625 0.1236109375 0.6864578125 0.1333328125
1 0.5375 0.9726859375 0.5513015625000001 0.9814812500000001 0.5541671874999999 0.965278125 0.5408859374999999 0.9578703125000001 0.5375 0.9726859375
1 0.7888015625 0.547221875 0.7880203125 0.5509265625 0.78515625 0.5546296875000001 0.7947921874999999 0.5652781250000001 0.79765625 0.5569437500000001 0.7888015625 0.547221875
1 0.98046875 0.78148125 0.98671875 0.7800921875 0.9942703125 0.7666671875 0.9875 0.7555562499999999 0.98046875 0.7703703125 0.9783859375 0.7763890625000001 0.98046875 0.78148125
1 0.8846359375 0.983796875 0.88046875 0.9851859375 0.8783859375 0.991203125 0.8783859375 1 0.89140625 0.9972218749999999 0.8875 0.991203125 0.8846359375 0.983796875
1 0.8658859375000001 0.9578703125000001 0.8625 0.977778125 0.8645828124999999 0.9814812500000001 0.8716140625 0.977778125 0.8729171875 0.9606484375000001 0.8658859375000001 0.9578703125000001
1 0.6161453125 0.42083281250000004 0.6119796875 0.4120375 0.6052078125 0.40601875 0.6036453125000001 0.4120375 0.6078125 0.4171296875 0.6153640625000001 0.42546249999999997 0.6161453125 0.42083281250000004
1 0.6010421874999999 0.41944375 0.6015625 0.40972187499999996 0.5981765625000001 0.40972187499999996 0.5947921875 0.4171296875 0.5947921875 0.4245375 0.5981765625000001 0.4245375 0.6010421874999999 0.41944375