1 0.07633593749999999 0.07739531250000001 0.07497343749999999 0.0792390625 0.07633593749999999 0.0884515625 0.0785171875 0.097665625 0.0820609375 0.0964375 0.07987968749999999 0.08538124999999999 0.07633593749999999 0.07739531250000001
1 0.23854999999999998 0.12100781249999999 0.2371859375 0.12592187500000002 0.247546875 0.12715 0.251090625 0.12100781249999999 0.23854999999999998 0.12100781249999999
1 0.28271562499999997 0.10687968750000001 0.28271562499999997 0.11302187500000001 0.2876234375 0.1167078125 0.2917125 0.11302187500000001 0.289803125 0.1056515625 0.28271562499999997 0.10687968750000001
1 0.396128125 0.071253125 0.390403125 0.071253125 0.390403125 0.07739531250000001 0.396128125 0.074325 0.396128125 0.071253125
1 0.3061609375 0.06818125 0.3083421875 0.08538124999999999 0.3118859375 0.086609375 0.3091609375 0.06818125 0.3061609375 0.06818125
1 0.18974843749999998 0.0902953125 0.1826609375 0.0915234375 0.183478125 0.097665625 0.18974843749999998 0.0964375 0.18974843749999998 0.0902953125
1 0.322246875 0.156634375 0.321428125 0.16339062499999998 0.3276984375 0.1664625 0.3290625 0.156634375 0.322246875 0.156634375
1 0.41248593749999996 0.14926250000000002 0.42012031250000004 0.14434843749999998 0.41821093749999994 0.135134375 0.411940625 0.141278125 0.41248593749999996 0.14926250000000002
1 0.317884375 0.0884515625 0.3159765625 0.1056515625 0.322246875 0.1038078125 0.3241546875 0.0915234375 0.317884375 0.0884515625
1 0.3276984375 0.0651109375 0.32824375 0.08230937499999999 0.33260625 0.08230937499999999 0.3317890625 0.0651109375 0.3276984375 0.0651109375
1 0.4525625 0.08230937499999999 0.45119999999999993 0.093365625 0.4552890625 0.0902953125 0.45747031250000003 0.0835375 0.4525625 0.08230937499999999
1 0.4152125 0.074325 0.409759375 0.0761671875 0.41057812499999996 0.08046718750000001 0.41603124999999996 0.08046718750000001 0.4152125 0.074325
1 0.337240625 0.0884515625 0.3435109375 0.08538124999999999 0.342965625 0.07739531250000001 0.3366953125 0.08230937499999999 0.337240625 0.0884515625
1 0.425571875 0.0730953125 0.42012031250000004 0.0730953125 0.41957500000000003 0.08046718750000001 0.4250265625 0.0792390625 0.425571875 0.0730953125