1 0.571428125 0.7211296875000001 0.5670671875 0.7211296875000001 0.5665218750000001 0.75245625 0.564340625 0.7604421875 0.5637953125 0.808353125 0.5651578125000001 0.82248125 0.5706109374999999 0.8255531250000001 0.57688125 0.8206390625 0.5760625 0.7616703125 0.5733374999999999 0.75245625 0.571428125 0.7211296875000001
1 0.2074703125 0.345209375 0.20556093749999998 0.3482796875 0.2074703125 0.354421875 0.2096515625 0.354421875 0.21728437500000003 0.349509375 0.2254640625 0.3372234375 0.2290078125 0.345209375 0.236640625 0.33599531250000003 0.233915625 0.3230953125 0.21728437500000003 0.3292390625 0.20828750000000001 0.3372234375 0.2074703125 0.345209375
1 0.5899671875 0.766584375 0.5935109375 0.751228125 0.5913296875 0.744471875 0.587240625 0.744471875 0.585878125 0.7604421875 0.5809703125000001 0.7616703125 0.5774265625 0.7880828125 0.581515625 0.7979109375 0.5886046875 0.7942265625 0.5935109375 0.7745703125000001 0.5899671875 0.766584375
1 0.068975 0.290540625 0.050164062499999995 0.302825 0.04961875 0.3095828125 0.056434375 0.3108109375 0.068975 0.2985265625 0.068975 0.290540625
1 0.63004375 0.86425 0.639040625 0.8611796875 0.6431296875 0.8458234375 0.6360421875 0.8335375 0.6354968750000001 0.8206390625 0.6278625 0.8040546875000001 0.6251359375 0.7899265625 0.6215921875 0.7788703124999999 0.6139578125 0.777640625 0.6093234375 0.7678125 0.5954203125 0.7696562499999999 0.5782437500000001 0.7678125 0.5747 0.7929968749999999 0.5905125 0.8396812499999999 0.5935109375 0.8611796875 0.5962375 0.878378125 0.6112328125000001 0.893734375 0.63004375 0.86425
1 0.2731734375 0.2033171875 0.2709921875 0.20515937499999998 0.2731734375 0.2254296875 0.2786265625 0.248771875 0.2813515625 0.246928125 0.284896875 0.24262968749999997 0.28080625000000003 0.220515625 0.2731734375 0.2033171875
1 0.074428125 0.1584765625 0.06325 0.16339062499999998 0.061340625 0.17076093750000002 0.0806984375 0.16953281250000002 0.07987968749999999 0.1597046875 0.074428125 0.1584765625
1 0.10278125 0.08538124999999999 0.0924203125 0.086609375 0.091603125 0.097665625 0.10278125 0.093365625 0.106053125 0.0884515625 0.10278125 0.08538124999999999
1 0.1488546875 0.0386984375 0.1496734375 0.044840625 0.1592140625 0.0399265625 0.15785156250000001 0.0356265625 0.1488546875 0.0386984375
1 0.2944390625 0.0399265625 0.2903484375 0.044840625 0.29252968749999997 0.05896875 0.2944390625 0.071253125 0.300709375 0.06818125 0.2979828125 0.055896875 0.2944390625 0.0399265625
1 0.1682109375 0.130221875 0.16766562499999998 0.1363640625 0.17093750000000002 0.14926250000000002 0.17502656249999998 0.14619218750000001 0.17175625 0.1320640625 0.1682109375 0.130221875
1 0.22682656250000002 0.07739531250000001 0.21592187499999999 0.0835375 0.2235546875 0.097665625 0.231734375 0.0884515625 0.22682656250000002 0.07739531250000001
1 0.2470015625 0.0540546875 0.2371859375 0.0632671875 0.22955312499999997 0.0651109375 0.233915625 0.0761671875 0.249728125 0.0620390625 0.2470015625 0.0540546875