1 0.0830734375 0.571759375 0.0830734375 0.5875 0.090625 0.5898140625 0.08854218750000001 0.5703703124999999 0.0830734375 0.571759375
1 0.1325515625 0.9004625 0.1255203125 0.90648125 0.13046875 0.9273140625 0.1401046875 0.9185187499999999 0.1325515625 0.9004625
1 0.3958328125 0.9199078125 0.3888015625 0.9125 0.3846359375 0.922221875 0.3841140625 0.9296296875 0.38828125 0.9384265624999999 0.3916671875 0.9347218749999999 0.3950515625 0.9384265624999999 0.3958328125 0.9199078125
1 0.5703125 0.7976859375 0.565625 0.8171296874999999 0.5627609375 0.828240625 0.5828125 0.8490734375000001 0.5908859375 0.8171296874999999 0.5703125 0.7976859375
1 0.7330734375 0.816203125 0.7247390625000001 0.822221875 0.73515625 0.8638890625 0.7427078125000001 0.859259375 0.7330734375 0.816203125
1 0.7622390625000001 0.4611109375 0.76484375 0.4731484375 0.7786453125 0.465740625 0.7744796875 0.4486109375 0.7622390625000001 0.4611109375
1 0.7359375 0.22638906250000002 0.7221359374999999 0.25601875 0.72890625 0.265740625 0.7442703125000001 0.2351859375 0.7359375 0.22638906250000002
1 0.68046875 0.23240781250000003 0.6778640625000001 0.24953750000000002 0.69296875 0.2523140625 0.6963546875 0.23148125 0.68046875 0.23240781250000003
1 0.2252609375 0.5481484375 0.2278640625 0.5384265625 0.2169265625 0.521296875 0.2114578125 0.534721875 0.2252609375 0.5481484375
1 0.5265625 0.41574062500000003 0.54375 0.44398125000000005 0.5692703125 0.40694375000000005 0.5528640625000001 0.37638906250000004 0.5265625 0.41574062500000003
1 0.21953125 0.45972187499999995 0.21953125 0.4731484375 0.2369796875 0.47824062500000003 0.23828125 0.45972187499999995 0.21953125 0.45972187499999995
1 0.1671875 0.42916718749999994 0.1622390625 0.4166671875 0.14765625 0.4240734375 0.1484375 0.4425921875 0.1559890625 0.4425921875 0.1567703125 0.4351859375 0.1671875 0.42916718749999994