1 0.056434375 0.43980312499999996 0.06679375 0.413390625 0.068975 0.39619218749999996 0.055889062499999996 0.3888203125 0.040621875 0.424446875 0.0411671875 0.4305890625 0.0357140625 0.435503125 0.033806249999999996 0.44594531249999997 0.03516875 0.45515937500000003 0.030262499999999998 0.468059375 0.0321703125 0.472359375 0.037078125 0.47727343749999995 0.039803125 0.468059375 0.0515265625 0.45515937500000003 0.05370781249999999 0.43980312499999996 0.056434375 0.43980312499999996
1 0.9762812500000001 1 0.9771000000000001 0.9920140625 0.9825515625 0.9797296875000001 0.9811890625 0.9637593750000001 0.9771000000000001 0.9484031249999999 0.9735546875000001 0.9484031249999999 0.9735546875000001 0.9269046875000001 0.971646875 0.9189187499999999 0.9689203125000001 0.9127765625 0.96265 0.9109343750000001 0.9555609374999999 0.9158484375 0.9487453125 0.9170765624999999 0.9487453125 0.929975 0.9563796874999999 0.9422609375000001 0.9509265625 0.9545453125 0.9563796874999999 0.9871000000000001 0.9653765625 1 0.9762812500000001 1
1 0.45747031250000003 0.2997546875 0.4520171875 0.30466875 0.45392656249999996 0.320025 0.4781890625 0.316953125 0.4768265625 0.2997546875 0.45747031250000003 0.2997546875
1 0.49318437499999995 0.1363640625 0.48636875 0.1332921875 0.48282499999999995 0.14619218750000001 0.48636875 0.14926250000000002 0.4899125 0.14926250000000002 0.49318437499999995 0.1363640625
1 0.2835328125 0.0884515625 0.29252968749999997 0.093365625 0.30970624999999996 0.0835375 0.307796875 0.066953125 0.2903484375 0.0761671875 0.28271562499999997 0.08230937499999999 0.2835328125 0.0884515625
1 0.633315625 0.22850156250000003 0.6360421875 0.20208906249999997 0.6354968750000001 0.197175 0.6229546874999999 0.1959453125 0.6215921875 0.2033171875 0.62431875 0.2143734375 0.62431875 0.2254296875 0.633315625 0.22850156250000003
1 0.458015625 0.0479109375 0.4525625 0.04176875 0.4462921875 0.0540546875 0.4484734375 0.057125 0.4525625 0.057125 0.458015625 0.0479109375
1 0.47328281250000004 0.030712499999999997 0.478734375 0.0233421875 0.4746453125 0.021498437500000002 0.4711015625 0.0245703125 0.47328281250000004 0.030712499999999997
1 0.6747546875 0.0043 0.6714828125000001 0.003071875 0.6679390625 0.012284375 0.6679390625 0.015356249999999998 0.669846875 0.015356249999999998 0.6761171874999999 0.0092140625 0.6747546875 0.0043
1 0.7652671875 0.033784375 0.7554531250000001 0.027640625000000002 0.7513625 0.0368546875 0.7554531250000001 0.0436125 0.7630859375 0.0436125 0.7652671875 0.033784375
1 0.9113953125 0.052825 0.9059437499999999 0.050982812499999995 0.896946875 0.0792390625 0.904034375 0.086609375 0.9143953125 0.05896875 0.9113953125 0.052825