1 0.1172296875 0.86425 0.12268281249999999 0.86425 0.13713124999999998 0.8427515624999999 0.14285781250000001 0.8304671875 0.1393125 0.824325 0.1308609375 0.8304671875 0.1136859375 0.8409093750000001 0.110959375 0.84889375 0.106053125 0.8507374999999999 0.09705625 0.8630218749999999 0.08260625 0.8710078125 0.0820609375 0.8845203125 0.0847875 0.8974203125000001 0.093784375 0.89250625 0.1123234375 0.8740781249999999 0.1172296875 0.86425
1 0.11177812499999999 0.409090625 0.1158671875 0.398034375 0.109596875 0.3918921875 0.09841875 0.38575 0.10332656250000001 0.371621875 0.09787343750000001 0.3667078125 0.0820609375 0.386978125 0.0708828125 0.409090625 0.072246875 0.428746875 0.08833125 0.438575 0.09923593750000001 0.4305890625 0.11177812499999999 0.409090625
1 0.2483640625 0.06818125 0.249728125 0.086609375 0.26199531249999997 0.086609375 0.2587234375 0.06818125 0.2483640625 0.06818125
1 0.41821093749999994 0.003071875 0.41657656249999997 0.0092140625 0.41821093749999994 0.015356249999999998 0.42420937500000006 0.013514062499999998 0.4250265625 0.0061421875 0.41821093749999994 0.003071875
1 0.3615046875 0.1584765625 0.36286874999999996 0.1664625 0.37240937500000004 0.16339062499999998 0.3691390625 0.1535625 0.3615046875 0.1584765625
1 0.4416578125 0.349509375 0.4408390625 0.360565625 0.443565625 0.36855000000000004 0.4552890625 0.3636359375 0.4552890625 0.3464375 0.4416578125 0.349509375
1 0.5188109375 0.027640625000000002 0.516903125 0.0386984375 0.5313515625 0.044840625 0.5318968749999999 0.0325546875 0.5188109375 0.027640625000000002
1 0.5512546875 0.16339062499999998 0.5436203125 0.1535625 0.5389859375 0.16461874999999998 0.5422578125 0.17076093750000002 0.546346875 0.175675 0.5512546875 0.16339062499999998
1 0.6818421875 0.5534390625000001 0.6769359374999999 0.5485265625 0.6728468750000001 0.55036875 0.668484375 0.579853125 0.672028125 0.5829234375000001 0.6761171874999999 0.5847671875 0.6818421875 0.5534390625000001
1 0.6147765625 0.33108125 0.6065968749999999 0.33108125 0.6065968749999999 0.345209375 0.6139578125 0.3513515625 0.617503125 0.3421375 0.6147765625 0.33108125
1 0.6567609375 0.12284999999999999 0.6643953125000001 0.1167078125 0.6624859375 0.1099515625 0.6553984374999999 0.11302187500000001 0.6567609375 0.12284999999999999
1 0.705834375 0.47112968750000006 0.6995640625 0.44594531249999997 0.6913843749999999 0.44471718750000006 0.687840625 0.45700312500000007 0.6892046875 0.4631453125 0.695475 0.4619171875 0.6982 0.47420156249999995 0.705834375 0.47112968750000006
1 0.75 0.89250625 0.74645625 0.8814500000000001 0.7341875 0.8802218749999999 0.7314609375 0.8894343750000001 0.7377312500000001 0.9078625 0.74645625 0.9127765625 0.75 0.89250625
1 0.7175578125000001 0.60319375 0.7112875 0.5749390625 0.7022906250000001 0.5786234375 0.7044718750000001 0.606265625 0.7085609374999999 0.6111796875 0.7142859374999999 0.6093359375 0.7175578125000001 0.60319375
1 0.6597593749999999 0.152334375 0.6597593749999999 0.1597046875 0.6665765625 0.1584765625 0.6671203125 0.152334375 0.6597593749999999 0.152334375