1 0.5152671875 0.9533171875 0.50926875 0.9656015625000001 0.5098140625 0.9840296875 0.5188109375 0.9920140625 0.5264453125 0.9686734375 0.5152671875 0.9533171875
1 0.48146093749999996 0.8009828125 0.47409999999999997 0.82248125 0.4781890625 0.8255531250000001 0.4836421875 0.8286234374999999 0.48146093749999996 0.8009828125
1 0.422846875 0.41031874999999995 0.4236640625 0.4213765625 0.45119999999999993 0.41523281250000005 0.45119999999999993 0.402334375 0.422846875 0.41031874999999995
1 0.478734375 0.1726046875 0.47055625 0.167690625 0.46374062499999996 0.1615484375 0.458015625 0.1726046875 0.4520171875 0.179975 0.4566515625 0.18980312500000002 0.468375 0.1959453125 0.478734375 0.1726046875
1 0.1633046875 0.220515625 0.15785156250000001 0.2235875 0.1564890625 0.2328015625 0.1690296875 0.248771875 0.17448125 0.2438578125 0.1772078125 0.2364859375 0.1633046875 0.220515625
1 0.29934531249999996 0 0.29661875000000004 0.0171984375 0.3001640625 0.020270312500000002 0.3047984375 0.018428125 0.30697968750000004 0 0.29934531249999996 0
1 0.438659375 0 0.438659375 0.003071875 0.44574687500000004 0.0043 0.4462921875 0 0.438659375 0
1 0.6494 0.20208906249999997 0.640403125 0.209459375 0.6354968750000001 0.222359375 0.6553984374999999 0.26105625 0.6679390625 0.246928125 0.6679390625 0.237715625 0.6494 0.20208906249999997
1 0.7742640625 0.5270265625 0.76935625 0.5380828125 0.7878953125 0.565725 0.7936203125 0.5534390625000001 0.7742640625 0.5270265625
1 0.7658125 0.44901718749999997 0.7584515625 0.44778906249999995 0.75354375 0.44778906249999995 0.7576328125 0.472359375 0.7666296874999999 0.4785015625 0.7707203125000001 0.47112968750000006 0.7658125 0.44901718749999997
1 0.6892046875 0.5829234375000001 0.6747546875 0.564496875 0.6693015625000001 0.5675671875 0.6679390625 0.5816953125000001 0.6782984375 0.60319375 0.6859328125 0.5982796875 0.6892046875 0.5829234375000001