1 0.9385421875000001 1 0.9348953124999999 0.991203125 0.92734375 1 0.9385421875000001 1
1 0.72734375 0.3495375 0.715625 0.3481484375 0.7119796875 0.35694375 0.7114578125000001 0.3851859375 0.7231765625000001 0.3851859375 0.7252609375 0.36296249999999997 0.72734375 0.3495375
1 0.63203125 0.39259218749999997 0.6333328125000001 0.3986109375 0.6403640625 0.396296875 0.6408859375 0.3898140625 0.63203125 0.39259218749999997
1 0.6645828125000001 0.383796875 0.6658859374999999 0.38009218749999996 0.6638015625 0.3791671875 0.6625 0.38148125 0.6645828125000001 0.383796875
1 0.7796875 0.6685187499999999 0.76875 0.666203125 0.7671875 0.6745375 0.7776046875 0.684259375 0.78046875 0.6773140625 0.7796875 0.6685187499999999
1 0.92890625 0.3643515625 0.9307296875000001 0.3509265625 0.9088546875000001 0.3361109375 0.9067703125 0.3546296875 0.9197921875 0.365278125 0.92890625 0.3643515625
1 0.98125 0.7495375 0.9763015625 0.7546296875 0.98046875 0.7703703125 0.9859375 0.76805625 0.98125 0.7495375
1 0.8645828124999999 0.8245374999999999 0.875 0.8388890625000001 0.8755203125 0.8365734375 0.8674484375 0.8208328125 0.8645828124999999 0.8245374999999999
1 0.5963546875 0.7476859375 0.5971359374999999 0.7523140625 0.6 0.7523140625 0.6013015625 0.746296875 0.5971359374999999 0.74398125 0.5963546875 0.7476859375
1 0.87265625 0.30740781250000004 0.87421875 0.3125 0.8768234375 0.3125 0.878125 0.30740781250000004 0.8747390625 0.3050921875 0.87265625 0.30740781250000004
1 0.6169265625 0.322221875 0.6143234375 0.3199078125 0.6122390625 0.3236109375 0.6143234375 0.3268515625 0.6169265625 0.32592656249999996 0.6169265625 0.322221875
1 0.878125 0.328240625 0.8760421875000001 0.328240625 0.87421875 0.3296296875 0.8755203125 0.3393515625 0.8768234375 0.3393515625 0.8796875 0.3379625 0.878125 0.328240625