1 0.5188109375 0.9637593750000001 0.5098140625 0.9637593750000001 0.50654375 0.9735875 0.511178125 0.9981578125 0.5215375 0.9981578125 0.52235625 0.974815625 0.5188109375 0.9637593750000001
1 0.496728125 0.562653125 0.48773125000000006 0.558353125 0.48282499999999995 0.5687953125 0.48718593749999994 0.5847671875 0.4904578125 0.5847671875 0.4940015625 0.5816953125000001 0.496728125 0.5718671875 0.496728125 0.562653125
1 0.41739375 0.0325546875 0.4146671875 0.001228125 0.41057812499999996 0 0.41248593749999996 0.0325546875 0.41739375 0.0325546875
1 0.49318437499999995 0.029484375 0.4904578125 0.018428125 0.47546406250000006 0.0233421875 0.476009375 0.0356265625 0.48636875 0.033784375 0.49318437499999995 0.029484375
1 0.3546890625 0.150490625 0.35605312499999997 0.14434843749999998 0.34841875 0.141278125 0.34705625 0.14926250000000002 0.3546890625 0.150490625
1 0.2799890625 0.21621562499999997 0.28080625000000003 0.20823125 0.2731734375 0.2033171875 0.2709921875 0.21621562499999997 0.2799890625 0.21621562499999997
1 0.3091609375 0.0245703125 0.3061609375 0.020270312500000002 0.3047984375 0.020270312500000002 0.304253125 0.027640625000000002 0.30343437500000003 0.0386984375 0.3061609375 0.04176875 0.3091609375 0.0399265625 0.30970624999999996 0.0356265625 0.3091609375 0.0245703125
1 0.1766625 0.2113015625 0.17448125 0.237715625 0.1848421875 0.22972968749999997 0.1848421875 0.20823125 0.1766625 0.2113015625
1 0.38140625 0.1554046875 0.3781359375 0.1615484375 0.3841328125 0.17076093750000002 0.390403125 0.16339062499999998 0.38140625 0.1554046875
1 0.1654859375 0.027640625000000002 0.169575 0.029484375 0.1840234375 0.0245703125 0.1826609375 0.0104421875 0.16766562499999998 0.0171984375 0.164940625 0.021498437500000002 0.1654859375 0.027640625000000002
1 0.4408390625 0.2923828125 0.43729531250000003 0.2936125 0.43674999999999997 0.3108109375 0.438659375 0.3138828125 0.442203125 0.31265312500000003 0.4430203125 0.2936125 0.4408390625 0.2923828125
1 0.2254640625 0.39926249999999996 0.22273749999999998 0.39926249999999996 0.21592187499999999 0.386978125 0.2074703125 0.4054046875 0.20610625 0.4213765625 0.21319531249999998 0.42260468749999996 0.2221921875 0.4213765625 0.22628125 0.41031874999999995 0.2254640625 0.39926249999999996