1 0.3559890625 0.147221875 0.3526046875 0.1324078125 0.33515625 0.1458328125 0.3388015625 0.153240625 0.34765625 0.159259375 0.3559890625 0.147221875
1 0.2463546875 0.24398124999999998 0.2296875 0.246296875 0.2296875 0.258796875 0.24765625 0.25601875 0.2463546875 0.24398124999999998
1 0.7080734375 0.23888906250000003 0.6934890625000001 0.23888906250000003 0.696875 0.24907343750000002 0.709375 0.25 0.7080734375 0.23888906250000003
1 0.61953125 0.1791671875 0.6002609375 0.1726859375 0.60234375 0.1824078125 0.6174484375 0.1875 0.61953125 0.1791671875
1 0.45807343749999996 0.5263890625000001 0.43046875 0.53101875 0.43177031250000003 0.5435187499999999 0.45598906250000004 0.5384265625 0.45807343749999996 0.5263890625000001
1 0.0791671875 0.5125 0.06953125 0.5175921875 0.0703125 0.5273140625 0.0828125 0.525 0.0791671875 0.5125
1 0.0908859375 0.42546249999999997 0.0903640625 0.4120375 0.08463593750000001 0.4120375 0.0841140625 0.42546249999999997 0.0875 0.43148125000000004 0.0908859375 0.42546249999999997
1 0.6388015625000001 0.9643515624999999 0.6403640625 0.9370375 0.6369796875 0.9300921875 0.63125 0.9347218749999999 0.6270828125000001 0.9518515624999999 0.6328125 0.9615734375 0.6388015625000001 0.9643515624999999
1 0.7197921875 0.5740734375 0.7018234375 0.5740734375 0.7010421874999999 0.583796875 0.7231765625000001 0.583796875 0.7197921875 0.5740734375
1 0.6119796875 0.24907343750000002 0.6153640625000001 0.24398124999999998 0.609375 0.2291671875 0.6072921874999999 0.2365734375 0.6098953125000001 0.2476859375 0.6119796875 0.24907343750000002
1 0.47682343749999995 0.11018593750000001 0.4739578125 0.11018593750000001 0.4752609375 0.134721875 0.47890625 0.1333328125 0.47682343749999995 0.11018593750000001
1 0.259375 0.1726859375 0.2559890625 0.1643515625 0.25234375 0.16805625 0.2565109375 0.1763890625 0.259375 0.1726859375