1 0.22001093749999998 0.7401718749999999 0.235278125 0.6670765624999999 0.22682656250000002 0.6640046875000001 0.2221921875 0.6652328125 0.2074703125 0.72604375 0.2074703125 0.7383296875 0.21046874999999998 0.7414 0.215103125 0.74324375 0.22001093749999998 0.7401718749999999
1 0.2677203125 0.279484375 0.269084375 0.2702703125 0.2587234375 0.2671984375 0.252453125 0.2702703125 0.2461828125 0.2936125 0.25926875 0.30466875 0.263359375 0.301596875 0.2677203125 0.279484375
1 0.4552890625 0.152334375 0.447109375 0.1400484375 0.442203125 0.1474203125 0.4506546875 0.16339062499999998 0.45474375 0.1597046875 0.4552890625 0.152334375
1 0.444384375 0.3402953125 0.444384375 0.3593359375 0.45119999999999993 0.360565625 0.4506546875 0.33906562500000004 0.444384375 0.3402953125
1 0.52508125 0.14926250000000002 0.5256265625000001 0.1554046875 0.532715625 0.1554046875 0.5291718750000001 0.1474203125 0.52508125 0.14926250000000002
1 0.59269375 0.197175 0.5877859375 0.20024531250000002 0.58915 0.20823125 0.6003265625 0.21314531250000002 0.5976015625 0.20024531250000002 0.59269375 0.197175
1 0.6035984375 0.360565625 0.5940562500000001 0.37285 0.5981468750000001 0.3808359375 0.60850625 0.3667078125 0.6035984375 0.360565625
1 0.6431296875 0.7647421875 0.6360421875 0.7401718749999999 0.6354968750000001 0.7229734375 0.6106874999999999 0.7199015625 0.6112328125000001 0.7383296875 0.6134140625 0.74324375 0.617503125 0.7647421875 0.62868125 0.770884375 0.6431296875 0.7647421875
1 0.4525625 0.8175671875000001 0.4566515625 0.8114250000000001 0.45474375 0.8052828125 0.4520171875 0.8071249999999999 0.4484734375 0.8022109374999999 0.442203125 0.7991406249999999 0.442203125 0.808353125 0.43811406249999996 0.814496875 0.43811406249999996 0.8286234374999999 0.443565625 0.8378375 0.4506546875 0.8427515624999999 0.45610625000000005 0.8335375 0.4525625 0.8175671875000001
1 0.7865328125 0.6050375 0.7878953125 0.5921375 0.7818968749999999 0.5909093750000001 0.7742640625 0.5829234375000001 0.7720828125 0.60319375 0.778353125 0.61425 0.7900765625 0.621621875 0.7865328125 0.6050375
1 0.813521875 0.8114250000000001 0.8162484375 0.7868546875 0.8170671875 0.770884375 0.811340625 0.766584375 0.8067062500000001 0.7647421875 0.8031625 0.7807125 0.8058890625 0.7929968749999999 0.8072515625 0.8101968749999999 0.813521875 0.8114250000000001
1 0.017175000000000003 0.0104421875 0.0185390625 0.020270312500000002 0.026171875 0.012284375 0.0253546875 0.0043 0.017175000000000003 0.0104421875