1 0.9991828125 0.7106874999999999 0.9983640625 0.6781328125 0.9937296874999999 0.6824328125 0.9964562499999999 0.6947171875 0.9964562499999999 0.7106874999999999 0.9991828125 0.7106874999999999
1 0.442203125 0 0.43538750000000004 0.003071875 0.43402343749999994 0.015356249999999998 0.4506546875 0.0620390625 0.4678296875 0.0479109375 0.4506546875 0 0.442203125 0
1 0.7039265625 0 0.6968375 0.0104421875 0.7003812500000001 0.015356249999999998 0.7022906250000001 0.015356249999999998 0.7099234375 0 0.7039265625 0
1 0.686478125 0.16461874999999998 0.6823875 0.16953281250000002 0.6872953125000001 0.18980312500000002 0.6927484374999999 0.18488906249999998 0.686478125 0.16461874999999998
1 0.6949296875 0.2192875 0.690021875 0.2174453125 0.6919296875 0.24078593750000002 0.6968375 0.24078593750000002 0.6949296875 0.2192875
1 0.8702296875 0.8366093749999999 0.866684375 0.8114250000000001 0.8514171875000001 0.82248125 0.8541437500000001 0.8439796875000001 0.8585062499999999 0.84889375 0.8702296875 0.8366093749999999
1 0.41739375 0.4072484375 0.42012031250000004 0.40110625000000005 0.42230156250000006 0.37285 0.41875625000000005 0.36977812499999996 0.42012031250000004 0.35749375 0.41821093749999994 0.3513515625 0.41657656249999997 0.354421875 0.4133046875 0.3667078125 0.41057812499999996 0.37285 0.409759375 0.39926249999999996 0.4111234375 0.4041765625 0.4133046875 0.4072484375 0.41739375 0.4072484375
1 0.392584375 0.435503125 0.3917671875 0.413390625 0.38985781249999996 0.409090625 0.3876765625 0.39619218749999996 0.38713125000000004 0.3918921875 0.3841328125 0.3931203125 0.382225 0.402334375 0.38004375 0.4072484375 0.3781359375 0.4336609375 0.3808609375 0.442875 0.38576875 0.44471718750000006 0.391221875 0.442875 0.392584375 0.435503125
1 0.848690625 0.3918921875 0.8446015625 0.3888203125 0.845146875 0.3746921875 0.8369687499999999 0.3746921875 0.8328796875 0.38390625 0.8328796875 0.3931203125 0.8418749999999999 0.4054046875 0.847328125 0.398034375 0.848690625 0.3918921875
1 0.6976546875 0.183046875 0.693565625 0.1597046875 0.6892046875 0.16339062499999998 0.6905671875 0.183046875 0.6976546875 0.183046875
1 0.40021874999999996 0.49139999999999995 0.5002718749999999 0.32493906250000004 0.49318437499999995 0.31265312500000003 0.4250265625 0.424446875 0.39749218750000004 0.48218750000000005 0.40021874999999996 0.49139999999999995
1 0.639040625 0.8101968749999999 0.629225 0.79606875 0.6251359375 0.7979109375 0.61559375 0.8316953125 0.6125953125 0.8458234375 0.60850625 0.8660937499999999 0.61559375 0.8802218749999999 0.618865625 0.8630218749999999 0.6273171875 0.8507374999999999 0.639040625 0.8101968749999999