1 0.9473828125000001 0.9576171875 0.9392046875 0.9404171874999999 0.9307531250000001 0.9422609375000001 0.9280265625 0.9533171875 0.933478125 0.9735875 0.9383859375 0.9766578125 0.9411125 0.9840296875 0.9446562500000001 0.9840296875 0.9460203125 0.9717437500000001 0.9481999999999999 0.9686734375 0.9473828125000001 0.9576171875
1 0.4056703125 0.130221875 0.3953109375 0.14434843749999998 0.4133046875 0.167690625 0.42420937500000006 0.150490625 0.4056703125 0.130221875
1 0.567884375 0.14619218750000001 0.56243125 0.156634375 0.5684296875 0.1664625 0.5747 0.1535625 0.567884375 0.14619218750000001
1 0.6872953125000001 0 0.6927484374999999 0.007370312499999999 0.6982 0.007370312499999999 0.6949296875 0 0.6872953125000001 0
1 0.8127046874999999 0.1554046875 0.8080703124999999 0.14434843749999998 0.8018000000000001 0.152334375 0.7968921875 0.1597046875 0.8031625 0.167690625 0.809978125 0.16953281250000002 0.8127046874999999 0.1554046875
1 0.8950374999999999 0.22850156250000003 0.896946875 0.220515625 0.8865859374999999 0.2033171875 0.8784078125000001 0.2143734375 0.8838609375 0.2254296875 0.8874046874999999 0.222359375 0.8950374999999999 0.22850156250000003
1 0.9073062500000001 0.3230953125 0.9108499999999999 0.35565156249999996 0.919846875 0.35749375 0.9190296874999999 0.328009375 0.9073062500000001 0.3230953125
1 0.718375 0.3402953125 0.7224640625000001 0.33906562500000004 0.7260093750000001 0.31265312500000003 0.721646875 0.3108109375 0.7121046875 0.3230953125 0.71265 0.332309375 0.7142859374999999 0.33906562500000004 0.718375 0.3402953125
1 0.942475 0.3402953125 0.9307531250000001 0.3218671875 0.9239375000000001 0.332309375 0.9288437500000001 0.354421875 0.9383859375 0.349509375 0.942475 0.3402953125
1 0.5286265625000001 0.8071249999999999 0.5286265625000001 0.7880828125 0.52508125 0.7880828125 0.52508125 0.7573703125 0.5242640625 0.7401718749999999 0.49890937500000004 0.7493859375 0.4858234375 0.7586 0.49127656249999996 0.8071249999999999 0.4940015625 0.8132671874999999 0.4940015625 0.824325 0.5139046875 0.8163390625 0.518265625 0.8175671875000001 0.5286265625000001 0.8071249999999999
1 0.4940015625 0.729115625 0.48636875 0.7309578125 0.48718593749999994 0.7543 0.49890937500000004 0.74754375 0.4940015625 0.729115625