1 0.518265625 0.7604421875 0.518265625 0.75245625 0.5139046875 0.755528125 0.5070890625 0.7463140625 0.5008171875 0.7616703125 0.505725 0.7745703125000001 0.5049078125 0.783784375 0.5098140625 0.783784375 0.5160843749999999 0.770884375 0.518265625 0.7604421875
1 0.44901875 0.3931203125 0.44574687500000004 0.3900484375 0.443565625 0.3900484375 0.4416578125 0.3949625 0.442203125 0.413390625 0.4449296875 0.41830468749999994 0.44765468750000004 0.413390625 0.44901875 0.4121625 0.44901875 0.3931203125
1 0.19656562500000002 0.525184375 0.1916578125 0.525184375 0.1848421875 0.5128999999999999 0.18075312500000001 0.5159703125 0.17448125 0.5350125 0.17448125 0.5454546875 0.1766625 0.5552828125 0.1883859375 0.55036875 0.19574687500000001 0.5380828125 0.19656562500000002 0.525184375
1 0.496728125 0.0368546875 0.480915625 0.04176875 0.4822796875 0.055896875 0.497546875 0.0540546875 0.5016359375 0.0466828125 0.496728125 0.0368546875
1 0.40839687500000005 0 0.4111234375 0.0497546875 0.41603124999999996 0.0497546875 0.41248593749999996 0 0.40839687500000005 0
1 0.13304218750000002 0.0399265625 0.13304218750000002 0.044840625 0.1398578125 0.0479109375 0.15239843749999998 0.0399265625 0.15294375 0.0368546875 0.1510359375 0.027640625000000002 0.13713124999999998 0.030712499999999997 0.13304218750000002 0.0399265625
1 0.29525625 0.0436125 0.29116718750000004 0.0356265625 0.2889859375 0.0356265625 0.2876234375 0.044840625 0.2889859375 0.05896875 0.2903484375 0.060196875000000004 0.29525625 0.060196875000000004 0.29661875000000004 0.052825 0.29525625 0.0436125
1 0.141221875 0.27825625 0.13713124999999998 0.305896875 0.15021875 0.2997546875 0.15021875 0.2733421875 0.141221875 0.27825625
1 0.2516359375 0.2702703125 0.249728125 0.2813265625 0.25926875 0.2825546875 0.26199531249999997 0.2721125 0.2516359375 0.2702703125
1 0.339421875 0.1879609375 0.3366953125 0.197175 0.34705625 0.1990171875 0.34841875 0.18980312500000002 0.339421875 0.1879609375
1 0.3808609375 0.222359375 0.3835875 0.21314531250000002 0.3759546875 0.2033171875 0.37240937500000004 0.21314531250000002 0.3808609375 0.222359375