1 0.9604687500000001 0.8894343750000001 0.9509265625 0.8722359375 0.9454750000000001 0.8710078125 0.9460203125 0.8538078125 0.9392046875 0.8427515624999999 0.933478125 0.8366093749999999 0.9149406250000001 0.8458234375 0.918484375 0.8630218749999999 0.9280265625 0.8740781249999999 0.9261171875 0.8832921875 0.9405671874999999 0.9158484375 0.9522906250000001 0.921990625 0.9577421875000001 0.9312046875 0.96265 0.9269046875000001 0.9599234375 0.9158484375 0.9604687500000001 0.8894343750000001
1 0.3691390625 0.1738328125 0.3650484375 0.1861171875 0.374590625 0.1861171875 0.3781359375 0.175675 0.3691390625 0.1738328125
1 0.7701749999999999 0.22850156250000003 0.767175 0.22972968749999997 0.7639046875 0.25 0.767175 0.2561421875 0.7720828125 0.23157187499999998 0.7701749999999999 0.22850156250000003
1 0.42639062499999997 0.45515937500000003 0.4269359375 0.46928749999999997 0.44983593749999995 0.4631453125 0.44765468750000004 0.44901718749999997 0.42639062499999997 0.45515937500000003
1 0.5188109375 0.2113015625 0.5174484374999999 0.21314531250000002 0.518265625 0.2235875 0.5215375 0.2254296875 0.5209921875 0.21314531250000002 0.5188109375 0.2113015625
1 0.263359375 0.320025 0.2731734375 0.320025 0.2876234375 0.3138828125 0.28707812499999996 0.2966828125 0.2745359375 0.2985265625 0.2641765625 0.3077390625 0.263359375 0.320025
1 0.5864234374999999 0.222359375 0.5905125 0.23157187499999998 0.5962375 0.222359375 0.5940562500000001 0.21621562499999997 0.5864234374999999 0.222359375
1 0.6553984374999999 0.22972968749999997 0.654853125 0.237715625 0.6624859375 0.237715625 0.6624859375 0.22850156250000003 0.6567609375 0.2266578125 0.6553984374999999 0.22972968749999997
1 0.5670671875 0.35565156249999996 0.5706109374999999 0.37285 0.5774265625 0.3777640625 0.5782437500000001 0.3667078125 0.57688125 0.3513515625 0.567884375 0.3525796875 0.5670671875 0.35565156249999996
1 0.44901875 0.32493906250000004 0.447109375 0.3341515625 0.4525625 0.33906562500000004 0.45610625000000005 0.32493906250000004 0.44901875 0.32493906250000004
1 0 0.6670765624999999 0.0040890625 0.6670765624999999 0.0068156250000000005 0.6590906249999999 0.019084375 0.64680625 0.0199015625 0.6388203125 0.023445312500000003 0.632678125 0.040621875 0.595209375 0.0357140625 0.5847671875 0.023990624999999998 0.589065625 0.0095421875 0.61855 0.0095421875 0.6246921875 0.0054531250000000005 0.6296062499999999 0 0.6529484375 0 0.6670765624999999
1 0.2813515625 0.16953281250000002 0.28080625000000003 0.1726046875 0.28080625000000003 0.1861171875 0.2821703125 0.20823125 0.286259375 0.20515937499999998 0.2835328125 0.183046875 0.2813515625 0.16953281250000002
1 0.69901875 0.1861171875 0.6995640625 0.197175 0.7142859374999999 0.197175 0.7142859374999999 0.18980312500000002 0.69901875 0.1861171875
1 0.654853125 0.175675 0.6494 0.1738328125 0.6417671875 0.18181875 0.643675 0.1879609375 0.6513093750000001 0.192875 0.6603046875 0.1879609375 0.654853125 0.175675
1 0.3001640625 0.18980312500000002 0.2958015625 0.1738328125 0.2944390625 0.175675 0.2944390625 0.192875 0.29525625 0.20823125 0.2979828125 0.2113015625 0.302071875 0.20823125 0.3001640625 0.18980312500000002
1 0.4291171875 0.253071875 0.4312984375 0.2561421875 0.43811406249999996 0.253071875 0.43538750000000004 0.25 0.4291171875 0.253071875
1 0.4214828125 0.2702703125 0.4152125 0.26597031250000003 0.411940625 0.275184375 0.41603124999999996 0.279484375 0.4214828125 0.2702703125
1 0.2835328125 0.2192875 0.2813515625 0.2266578125 0.339421875 0.22850156250000003 0.3399671875 0.220515625 0.2835328125 0.2192875