1 0.60986875 0.5018421875 0.5976015625 0.4864859375 0.5864234374999999 0.5221125 0.5989640625 0.5393125000000001 0.60986875 0.5018421875
1 0.4607421875 0.6529484375 0.4588328125 0.6203937500000001 0.4462921875 0.6246921875 0.44029375000000004 0.6449625 0.4607421875 0.6529484375
1 0.478734375 0.5159703125 0.48146093749999996 0.5147421875 0.4899125 0.5300984375 0.5098140625 0.5380828125 0.526990625 0.536240625 0.5256265625000001 0.345209375 0.4858234375 0.35565156249999996 0.46155937500000005 0.3636359375 0.45119999999999993 0.438575 0.459378125 0.5128999999999999 0.478734375 0.5159703125
1 0.3519625 0.505528125 0.3718640625 0.52395625 0.40430781250000003 0.5300984375 0.406215625 0.5086 0.3740453125 0.49754375 0.3519625 0.494471875 0.3519625 0.505528125
1 0.27671718749999996 0.46928749999999997 0.29525625 0.46928749999999997 0.2903484375 0.41953281249999996 0.2709921875 0.41031874999999995 0.27671718749999996 0.46928749999999997
1 0.27044687500000003 0.220515625 0.2903484375 0.22850156250000003 0.29116718750000004 0.21314531250000002 0.27235624999999997 0.20823125 0.22410000000000002 0.1769046875 0.2178296875 0.18980312500000002 0.21919375 0.21314531250000002 0.25381718750000004 0.22850156250000003 0.27044687500000003 0.220515625
1 0.33124375 0.24078593750000002 0.3091609375 0.22850156250000003 0.30697968750000004 0.26597031250000003 0.28707812499999996 0.26597031250000003 0.2876234375 0.305896875 0.321428125 0.35565156249999996 0.33587812499999997 0.32493906250000004 0.3399671875 0.2764125 0.33124375 0.24078593750000002
1 0.3047984375 0.26105625 0.30697968750000004 0.2328015625 0.29934531249999996 0.1738328125 0.2889859375 0.1726046875 0.284896875 0.179975 0.2917125 0.23464374999999998 0.3047984375 0.26105625
1 0.4304796875 0.28746875 0.4449296875 0.3108109375 0.47546406250000006 0.33108125 0.478734375 0.3095828125 0.443565625 0.275184375 0.4326609375 0.2733421875 0.4304796875 0.28746875
1 0.4304796875 0.18980312500000002 0.444384375 0.183046875 0.468375 0.141278125 0.46155937500000005 0.124078125 0.43729531250000003 0.1615484375 0.428571875 0.183046875 0.4304796875 0.18980312500000002
1 0.458015625 0.23955781250000002 0.45747031250000003 0.25491406250000004 0.47328281250000004 0.264128125 0.4746453125 0.2733421875 0.5049078125 0.279484375 0.50926875 0.26597031250000003 0.50790625 0.25491406250000004 0.48773125000000006 0.24078593750000002 0.47737187499999995 0.25 0.458015625 0.23955781250000002
1 0.44029375000000004 0.26904218750000003 0.45338124999999996 0.2764125 0.4566515625 0.26105625 0.44029375000000004 0.248771875 0.43593281250000004 0.237715625 0.409759375 0.222359375 0.40430781250000003 0.2235875 0.3966734375 0.22850156250000003 0.39940000000000003 0.248771875 0.43593281250000004 0.2721125 0.44029375000000004 0.26904218750000003
1 0.40839687500000005 0.3108109375 0.4078515625 0.302825 0.39749218750000004 0.290540625 0.3808609375 0.35565156249999996 0.3931296875 0.36855000000000004 0.40839687500000005 0.3108109375
1 0.3146125 0.0761671875 0.3061609375 0.0651109375 0.289803125 0.1474203125 0.3047984375 0.16339062499999998 0.31379531250000003 0.10257968749999999 0.3146125 0.0761671875
1 0.3091609375 0.1554046875 0.339421875 0.1554046875 0.32360937500000003 0.11179375 0.302071875 0.1038078125 0.3091609375 0.1554046875
1 0.3015265625 0.2192875 0.3173390625 0.2235875 0.320065625 0.156634375 0.30343437500000003 0.1615484375 0.3015265625 0.2192875
1 0.3386046875 0.26597031250000003 0.3519625 0.2843984375 0.375409375 0.302825 0.3835875 0.2843984375 0.3615046875 0.2671984375 0.339421875 0.25491406250000004 0.3386046875 0.26597031250000003
1 0.3366953125 0.2579859375 0.35114531250000003 0.26105625 0.38004375 0.2629 0.3794984375 0.2266578125 0.3503265625 0.23464374999999998 0.3353328125 0.25 0.3366953125 0.2579859375
1 0.3615046875 0.20823125 0.3386046875 0.179975 0.3399671875 0.2174453125 0.3579609375 0.2328015625 0.3615046875 0.20823125