1 0.060896874999999996 0.753946875 0.065828125 0.7615125 0.082346875 0.753946875 0.075690625 0.7430921875000001 0.060896874999999996 0.753946875
1 0.23791875 0.7671046875 0.23224843750000002 0.79111875 0.2485203125 0.7967109375 0.2544375 0.7694078125 0.23791875 0.7671046875
1 0.879190625 0.0207234375 0.8848625 0.03486875 0.8979296874999999 0.0305921875 0.889053125 0.016446875 0.879190625 0.0207234375
1 0.9918640625 0.3016453125 0.9967953125 0.296053125 0.9975343750000001 0.28421093750000004 0.98619375 0.2940796875 0.9918640625 0.3016453125
1 0.8823968750000001 0.25230312499999996 0.8700687500000001 0.2697375 0.8799312499999999 0.27763125 0.8905328125 0.25888125 0.8823968750000001 0.25230312499999996
1 0.9376234374999999 0.34111875 0.934171875 0.347696875 0.9277609375000001 0.347696875 0.92505 0.352303125 0.9334312499999999 0.3621703125 0.9531562499999999 0.37401249999999997 0.9598125 0.34671093750000004 0.9432937499999999 0.3302625 0.9351578125 0.33125 0.9376234374999999 0.34111875
1 0.47904375000000005 0.3180921875 0.49137031249999996 0.3345390625 0.5086296875 0.31480312499999996 0.498028125 0.303946875 0.47904375000000005 0.3180921875
1 0.5061640625 0.4828953125 0.49630156249999996 0.5003296875000001 0.516025 0.510196875 0.52095625 0.49046093749999997 0.5061640625 0.4828953125
1 0.6025640625 0.4947375 0.6124265624999999 0.5157890625 0.61735625 0.5115125 0.6107 0.48947343749999994 0.6025640625 0.4947375
1 0.6222875 0.34013125 0.624753125 0.3457234375 0.639546875 0.33782968750000003 0.633875 0.3302625 0.6222875 0.34013125
1 0.6107 0.25131562500000004 0.6067546875 0.2457234375 0.5976328125 0.25986875 0.6000984375 0.2631578125 0.6107 0.25131562500000004
1 0.5712531249999999 0.25131562500000004 0.5705125 0.25986875 0.580375 0.26118437499999997 0.5811140625 0.2490125 0.5712531249999999 0.25131562500000004
1 0.6008375 0.7101968750000001 0.5951671875 0.70888125 0.591715625 0.7243421875 0.5976328125 0.7253296875 0.6008375 0.7101968750000001
1 0.4526625 0.6881578125 0.4526625 0.6782890625 0.4346640625 0.683553125 0.4371296875 0.6934203125 0.4526625 0.6881578125
1 0.3505921875 0.6957234375 0.3555234375 0.6891453125 0.339990625 0.6792765625 0.336784375 0.6848687499999999 0.3505921875 0.6957234375
1 0.3853546875 0.53125 0.3804234375 0.538815625 0.38436875000000004 0.54638125 0.393490625 0.54111875 0.391765625 0.53125 0.3853546875 0.53125
1 0.11612499999999999 0.6167765625 0.11858906250000001 0.6266453125 0.1277125 0.6243421875 0.12278125 0.6134875 0.11612499999999999 0.6167765625
1 0.10798749999999999 0.433553125 0.1143984375 0.42697343749999994 0.10133125000000001 0.4190796875 0.0964 0.42697343749999994 0.10798749999999999 0.433553125
1 0.21572968750000002 0.5233546875 0.210059375 0.5266453125 0.214990625 0.5378296875 0.22139999999999999 0.5322375 0.21572968750000002 0.5233546875
1 0.292159375 0.3697375 0.294625 0.3654609375 0.28402343750000003 0.3542765625 0.283284375 0.3565796875 0.292159375 0.3697375
1 0.302021875 0.3391453125 0.302021875 0.3292765625 0.2914203125 0.33256562500000003 0.2914203125 0.3434203125 0.302021875 0.3391453125
1 0.19995000000000002 0.3753296875 0.19921093750000002 0.3828953125 0.2058671875 0.38618437499999997 0.20660781250000002 0.3753296875 0.19995000000000002 0.3753296875
1 0.261834375 0.3194078125 0.2583828125 0.3171046875 0.2470421875 0.3171046875 0.24778125 0.3269734375 0.25591718750000003 0.3292765625 0.25591718750000003 0.322696875 0.261834375 0.3194078125
1 0.07495 0.2578953125 0.075690625 0.26875 0.08308750000000001 0.2697375 0.082346875 0.25657968750000004 0.07495 0.2578953125
1 0.0411734375 0.2480265625 0.040434375 0.25888125 0.0502953125 0.26118437499999997 0.0478296875 0.2467109375 0.0411734375 0.2480265625
1 0.3614390625 0.352303125 0.3579875 0.3621703125 0.3688359375 0.3631578125 0.3688359375 0.3509875 0.3614390625 0.352303125