1 0.1355 0.53 0.13874999999999998 0.5453328125 0.1685 0.5356671875 0.16599999999999998 0.5256671875000001 0.1355 0.53
1 0.43925000000000003 0.351 0.43674999999999997 0.3413328125 0.42774999999999996 0.3346671875 0.41775 0.34333281250000003 0.40725 0.3763328125 0.39325 0.3816671875 0.3865 0.40599999999999997 0.39225 0.41366718750000003 0.39975 0.40499999999999997 0.40049999999999997 0.385 0.422 0.3786671875 0.43925000000000003 0.351
1 0.45899999999999996 0.38633281249999996 0.45824999999999994 0.3773328125 0.45325 0.3696671875 0.445 0.372 0.40049999999999997 0.385 0.40049999999999997 0.41900000000000004 0.40374999999999994 0.45199999999999996 0.41200000000000003 0.475 0.43525 0.475 0.48274999999999996 0.45766718749999996 0.46224999999999994 0.3873328125 0.45899999999999996 0.38633281249999996
1 0.5980000000000001 0.6706671875 0.60225 0.6759999999999999 0.61125 0.6706671875 0.60625 0.663 0.5980000000000001 0.6706671875
1 0 0.8043328125 0.04825 0.7353328125 0.052500000000000005 0.7233328125 0.054000000000000006 0.7186671875 0.051500000000000004 0.7133328125 0.052500000000000005 0.7046671875 0.05725 0.697 0.06225000000000001 0.6946671875 0.0655 0.686 0.045 0.6783328125 0.036 0.6826671875 0.0245 0.6826671875 0.010499999999999999 0.6846671875 0.008749999999999999 0.6956671875 0 0.7066671875 0 0.8043328125
1 0.148 0.8833328125 0.14225000000000002 0.8756671875 0.12825 0.8923328125 0.129 0.9119999999999999 0.13799999999999998 0.9263328124999999 0.143 0.924 0.14550000000000002 0.9066671875000001 0.148 0.8833328125
1 0.86725 0.517 0.85725 0.519 0.8647500000000001 0.5256671875000001 0.8705 0.5453328125 0.882 0.529 0.8779999999999999 0.52 0.86725 0.517
1 0.9380000000000001 0.49266718750000005 0.9412499999999999 0.5046671875000001 0.9545 0.5036671875 0.9494999999999999 0.4906671875 0.9380000000000001 0.49266718750000005
1 0.6195 0.54 0.60875 0.5573328125 0.6212500000000001 0.5673328125 0.62275 0.5553328125 0.6295 0.5496671875 0.631 0.541 0.6195 0.54
1 0.59575 0.519 0.5915 0.5276671875 0.5865 0.5309999999999999 0.584 0.5386671875 0.59225 0.5443328125 0.5980000000000001 0.5443328125 0.6014999999999999 0.529 0.59575 0.519
1 0.5667500000000001 0.28300000000000003 0.5585 0.2346671875 0.561 0.22366718749999998 0.548 0.22366718749999998 0.5405 0.2203328125 0.5265 0.2403328125 0.51425 0.2183328125 0.50675 0.22166718749999997 0.5002500000000001 0.21733281249999997 0.49524999999999997 0.21166718750000002 0.48949999999999994 0.21166718750000002 0.48375 0.21166718750000002 0.48624999999999996 0.22933281249999998 0.48525 0.238 0.5042500000000001 0.2906671875 0.51075 0.304 0.52725 0.3116671875 0.562 0.2973328125 0.5667500000000001 0.28300000000000003
1 0.5965 0.0063328125 0.59075 0.027332812499999998 0.5972500000000001 0.0326671875 0.61125 0.0206671875 0.6094999999999999 0.0086671875 0.5965 0.0063328125
1 0.75125 0.08433281249999999 0.7595 0.079 0.7462500000000001 0.0666671875 0.748 0.057999999999999996 0.7405 0.059 0.73725 0.0613328125 0.7355 0.05566718750000001 0.72825 0.05566718750000001 0.71825 0.0613328125 0.7150000000000001 0.056999999999999995 0.70925 0.0623328125 0.7125 0.06899999999999999 0.72475 0.0756671875 0.7355 0.0853328125 0.74375 0.0756671875 0.75125 0.08433281249999999
1 0.655 0.0493328125 0.64325 0.046 0.63425 0.043667187499999996 0.627 0.045 0.6245 0.0623328125 0.645 0.0756671875 0.6515 0.0656671875 0.65325 0.059 0.655 0.0493328125
1 0.6705 0 0.66475 0.0076671875 0.67375 0.013000000000000001 0.673 0.025 0.67875 0.034 0.678 0.0163328125 0.67625 0 0.6705 0
1 0.613 0.0216671875 0.6285000000000001 0.014000000000000002 0.627 0.003 0.60725 0.014000000000000002 0.613 0.0216671875
1 0.65 0.0106671875 0.64675 0 0.6195 0.002 0.62775 0.0183328125 0.65 0.0106671875