1 0.3075 0.6003328125 0.3085 0.596 0.301 0.596 0.2895 0.587 0.28525 0.5893328125 0.28375 0.6036671874999999 0.2935 0.6046671875 0.3075 0.6003328125
1 0.39075000000000004 0.2413328125 0.39575 0.23700000000000002 0.38975 0.20933281250000002 0.385 0.2106671875 0.3825 0.21400000000000002 0.385 0.22933281249999998 0.39075000000000004 0.2413328125
1 0.46299999999999997 0.34766718750000003 0.45899999999999996 0.34566718750000003 0.45575 0.34900000000000003 0.45725 0.3413328125 0.45149999999999996 0.33799999999999997 0.44825 0.3413328125 0.44325000000000003 0.339 0.43674999999999997 0.35333281250000004 0.4385 0.361 0.44425 0.3586671875 0.44825 0.3543328125 0.4565 0.35533281250000004 0.46075 0.3566671875 0.46299999999999997 0.34766718750000003
1 0.50675 0.394 0.50925 0.4366671875 0.524 0.43766718750000005 0.5215 0.4016671875 0.50675 0.394
1 0.576 0.3303328125 0.5742499999999999 0.3213328125 0.56025 0.316 0.55775 0.3203328125 0.55775 0.3246671875 0.5660000000000001 0.3346671875 0.5700000000000001 0.3356671875 0.576 0.3303328125
1 0.55775 0.3336671875 0.50675 0.373 0.505 0.3873328125 0.5002500000000001 0.38833281249999996 0.50275 0.395 0.5627500000000001 0.418 0.5667500000000001 0.42133281250000004 0.5832499999999999 0.42133281250000004 0.59575 0.4223328125 0.6144999999999999 0.42133281250000004 0.626 0.41366718750000003 0.6285000000000001 0.40499999999999997 0.636 0.40366718749999997 0.6525000000000001 0.38833281249999996 0.6475 0.35333281250000004 0.6475 0.3336671875 0.641 0.3366671875 0.6335 0.3303328125 0.59975 0.339 0.5875 0.3356671875 0.55775 0.3336671875
1 0.6985 0.282 0.6795 0.2996671875 0.687 0.3073328125 0.7035 0.2853328125 0.6985 0.282
1 0.66975 0.2063328125 0.6665 0.2063328125 0.654 0.227 0.645 0.281 0.65725 0.2863328125 0.66075 0.27766718749999997 0.6705 0.22933281249999998 0.66975 0.2063328125
1 0.68125 0.585 0.67125 0.585 0.66975 0.5893328125 0.67375 0.6046671875 0.6795 0.6046671875 0.68125 0.585
1 0.548 0.5913328124999999 0.55025 0.585 0.5545 0.5740000000000001 0.53225 0.576 0.5265 0.5663328125 0.51425 0.575 0.5215 0.5836671875 0.5247499999999999 0.5836671875 0.52825 0.5926671875 0.53975 0.5980000000000001 0.548 0.5913328124999999
1 0.53625 0.655 0.5469999999999999 0.6639999999999999 0.5635 0.6673328125 0.575 0.6519999999999999 0.5685 0.6463328125000001 0.5627500000000001 0.653 0.55025 0.6363328125 0.5445 0.6333328125000001 0.5387500000000001 0.6386671875000001 0.5355000000000001 0.6363328125 0.5347500000000001 0.6463328125000001 0.53625 0.655