1 0.47225 0.3786671875 0.44925 0.3896671875 0.45075000000000004 0.3993328125 0.4755 0.3916671875 0.47874999999999995 0.3896671875 0.47225 0.3786671875
1 0.5667500000000001 0.372 0.55525 0.3643328125 0.54875 0.3663328125 0.5429999999999999 0.372 0.557 0.3796671875 0.56525 0.3763328125 0.5667500000000001 0.372
1 0.8845000000000001 0.3633328125 0.8795 0.35766718750000004 0.8622500000000001 0.35766718750000004 0.859 0.3663328125 0.86725 0.3663328125 0.87225 0.374 0.8862500000000001 0.3696671875 0.8845000000000001 0.3633328125
1 0.91325 0.7746671875 0.91075 0.7716671875000001 0.906 0.7716671875000001 0.906 0.7769999999999999 0.9092499999999999 0.7803328125 0.9125 0.7803328125 0.91325 0.7746671875
1 0.24575 0.32599999999999996 0.24825 0.3303328125 0.25725 0.3236671875 0.255 0.318 0.24575 0.32599999999999996
1 0.6367499999999999 0.26533281249999996 0.6295 0.2543328125 0.617 0.273 0.61375 0.284 0.61875 0.2853328125 0.6295 0.2763328125 0.6367499999999999 0.26533281249999996
1 0.627 0.4323328125 0.63525 0.42699999999999994 0.6375 0.4103328125 0.63175 0.4016671875 0.6212500000000001 0.40366718749999997 0.61375 0.3973328125 0.60375 0.40833281250000003 0.6094999999999999 0.41600000000000004 0.6212500000000001 0.4223328125 0.627 0.4323328125
1 0.65825 0.261 0.65 0.2623328125 0.64425 0.2643328125 0.65 0.273 0.65325 0.2763328125 0.65825 0.27966718749999997 0.65325 0.29500000000000004 0.6475 0.3103328125 0.66725 0.2973328125 0.678 0.28866718750000003 0.68275 0.2763328125 0.6795 0.2666671875 0.6755 0.26333281249999996 0.6679999999999999 0.2623328125 0.6639999999999999 0.261 0.659 0.2543328125 0.65825 0.261
1 0.641 0.3136671875 0.626 0.3136671875 0.6252500000000001 0.3236671875 0.64175 0.32599999999999996 0.64925 0.3236671875 0.64825 0.318 0.641 0.3136671875
1 0.63925 0.3633328125 0.63025 0.3696671875 0.641 0.3796671875 0.64925 0.3763328125 0.63925 0.3633328125
1 0.66225 0.373 0.655 0.35333281250000004 0.64925 0.35 0.64325 0.351 0.64175 0.35533281250000004 0.65 0.3763328125 0.655 0.3753328125 0.66225 0.373