1 0.32975 0.1766671875 0.329 0.1876671875 0.33225 0.194 0.34700000000000003 0.183 0.34049999999999997 0.17333281250000002 0.33975 0.1613328125 0.3305 0.1623328125 0.324 0.16999999999999998 0.32325 0.1753328125 0.32975 0.1766671875
1 0.49024999999999996 0.47400000000000003 0.487 0.46966718749999997 0.47800000000000004 0.46966718749999997 0.4525 0.485 0.4565 0.4983328125 0.4615 0.4983328125 0.48525 0.48733281249999993 0.49024999999999996 0.47400000000000003
1 0.8342499999999999 0.8736671875 0.841 0.8636671874999999 0.8539999999999999 0.857 0.85825 0.8306671874999999 0.8525 0.8210000000000001 0.8467499999999999 0.8176671875 0.8352499999999999 0.8176671875 0.82025 0.8243328125 0.8087500000000001 0.844 0.8055 0.8693328125 0.8162499999999999 0.8756671875 0.8244999999999999 0.877 0.8342499999999999 0.8736671875
1 0.799 0.2666671875 0.7725 0.2963328125 0.80475 0.316 0.8295 0.27533281249999997 0.799 0.2666671875
1 0.8852499999999999 0.28866718750000003 0.8952500000000001 0.3103328125 0.90025 0.3203328125 0.9027499999999999 0.329 0.9085000000000001 0.3366671875 0.9199999999999999 0.34566718750000003 0.9305 0.35333281250000004 0.9455 0.3686671875 0.95275 0.3806671875 0.9635 0.3916671875 0.9817500000000001 0.40266718749999997 0.9897500000000001 0.4016671875 0.99325 0.3973328125 0.999 0.395 0.999 0.3676671875 0.99075 0.3586671875 0.999 0.351 0.999 0.26766718749999996 0.9404999999999999 0.194 0.89275 0.2456671875 0.8862500000000001 0.2576671875 0.88375 0.2743328125 0.8852499999999999 0.28866718750000003
1 0.11074999999999999 0.4983328125 0.11574999999999999 0.5003328125000001 0.129 0.5013328125000001 0.13974999999999999 0.4893328125 0.133 0.47966718750000004 0.12150000000000001 0.48833281250000005 0.11574999999999999 0.484 0.10925 0.48733281249999993 0.11074999999999999 0.4983328125
1 0.97 0.529 0.9800000000000001 0.5266671875 0.9882500000000001 0.5246671875 0.9817500000000001 0.5123328125 0.96675 0.509 0.9577500000000001 0.519 0.9585000000000001 0.5276671875 0.97 0.529
1 0.9897500000000001 0.45333281249999996 0.9807499999999999 0.4366671875 0.9717499999999999 0.4356671875 0.966 0.441 0.9710000000000001 0.45766718749999996 0.98325 0.462 0.9897500000000001 0.45333281249999996
1 0.9199999999999999 0.35333281250000004 0.89375 0.3566671875 0.8712500000000001 0.3566671875 0.86975 0.3643328125 0.873 0.3696671875 0.9067500000000001 0.371 0.9199999999999999 0.3566671875 0.9199999999999999 0.35333281250000004
1 0.5445 0.215 0.5545 0.2183328125 0.5585 0.193 0.54875 0.193 0.5445 0.215
1 0.534 0.1676671875 0.534 0.181 0.5595 0.182 0.56025 0.1656671875 0.534 0.1676671875
1 0.5825 0 0.5775 0.0086671875 0.575 0.0183328125 0.56775 0.0183328125 0.5595 0.0326671875 0.55375 0.052667187500000004 0.5595 0.059 0.57175 0.047 0.58 0.026332812500000004 0.5835 0.0183328125 0.5972500000000001 0.013000000000000001 0.59225 0 0.5825 0
1 0.78975 0.236 0.794 0.248 0.7965 0.26766718749999996 0.80625 0.2643328125 0.8029999999999999 0.2203328125 0.8055 0.21733281249999997 0.8015000000000001 0.20733281250000002 0.7965 0.1863328125 0.7915 0.1843328125 0.77425 0.1896671875 0.77 0.1853328125 0.761 0.183 0.75625 0.193 0.7685 0.2016671875 0.77675 0.21400000000000002 0.78975 0.236
1 0.766 0.1546671875 0.7635 0.1513328125 0.7585 0.1513328125 0.75625 0.1566671875 0.7545 0.1676671875 0.7577499999999999 0.182 0.775 0.1876671875 0.775 0.18 0.77 0.1743328125 0.76675 0.17099999999999999 0.76675 0.1623328125 0.766 0.1546671875
1 0.8029999999999999 0.0646671875 0.7875 0.0743328125 0.7775000000000001 0.09 0.78975 0.10200000000000001 0.798 0.08199999999999999 0.808 0.0886671875 0.80375 0.0996671875 0.81375 0.1053328125 0.8295 0.1116671875 0.836 0.126 0.8474999999999999 0.1303328125 0.85075 0.1293328125 0.86975 0.11733281250000001 0.89025 0.1086671875 0.915 0.11833281250000001 0.92325 0.10300000000000001 0.9225 0.093 0.8967499999999999 0.08 0.9189999999999999 0.045 0.92825 0.0316671875 0.9175000000000001 0.0326671875 0.91325 0.0283328125 0.8862500000000001 0.046 0.84825 0.0756671875 0.82775 0.08333281249999999 0.8029999999999999 0.0646671875
1 0.76025 0.0216671875 0.74875 0.034999999999999996 0.7577499999999999 0.051332812500000005 0.77825 0.042667187499999995 0.77925 0.036 0.76025 0.0216671875
1 0.74375 0.048 0.734 0.0493328125 0.729 0.0603328125 0.73475 0.0646671875 0.74875 0.059 0.74375 0.048
1 0.6367499999999999 0.068 0.61875 0.0756671875 0.6155 0.08666718749999999 0.6235 0.08333281249999999 0.6367499999999999 0.068
1 0.6475 0.056999999999999995 0.654 0.056999999999999995 0.65075 0.0283328125 0.6385 0.0316671875 0.63925 0.026332812500000004 0.6367499999999999 0.024 0.6335 0.0283328125 0.622 0.034 0.626 0.0723328125 0.6425 0.0656671875 0.64925 0.0603328125 0.6475 0.056999999999999995
1 0.59325 0.056999999999999995 0.5832499999999999 0.056999999999999995 0.575 0.068 0.5700000000000001 0.0756671875 0.56525 0.08 0.5585 0.081 0.55125 0.08433281249999999 0.55025 0.0886671875 0.5505 0.091 0.6014999999999999 0.0976671875 0.60725 0.09 0.60875 0.0733328125 0.59225 0.0723328125 0.59325 0.056999999999999995
1 0.73875 0.0613328125 0.73475 0.06999999999999999 0.7502500000000001 0.081 0.75525 0.0743328125 0.7537499999999999 0.06899999999999999 0.73875 0.0613328125
1 0.64425 0.5673328125 0.63525 0.5673328125 0.63525 0.576 0.641 0.5816671875 0.65 0.5893328125 0.6565000000000001 0.576 0.64425 0.5673328125
1 0.63025 0.015332812500000001 0.61775 0.034 0.64825 0.0603328125 0.65575 0.059 0.66225 0.053667187500000005 0.6679999999999999 0.056999999999999995 0.67125 0.0646671875 0.67475 0.0713328125 0.687 0.056999999999999995 0.68625 0.046 0.64325 0.0196671875 0.63025 0.015332812500000001
1 0.44575 0.7373328124999999 0.454 0.7406671874999999 0.45824999999999994 0.7373328124999999 0.44749999999999995 0.7233328125 0.44575 0.7373328124999999
1 0.46975 0.7606671875 0.46075 0.755 0.46725000000000005 0.7746671875 0.46975 0.7606671875
1 0.13625 0.8966671875 0.1405 0.899 0.15025 0.891 0.15125 0.8846671875000001 0.14450000000000002 0.8856671875 0.14225000000000002 0.8803328125000001 0.147 0.8713328125 0.148 0.8526671875 0.14125000000000001 0.8526671875 0.12975 0.8603328125 0.12975 0.8726671874999999 0.13625 0.877 0.133 0.8923328125 0.13625 0.8966671875
1 0.71075 0.14466718750000002 0.6952499999999999 0.1293328125 0.6845 0.12166718750000001 0.6795 0.12166718750000001 0.6795 0.14266718750000001 0.696 0.148 0.71075 0.14466718750000002
1 0.72575 0.1613328125 0.7422500000000001 0.1513328125 0.7455 0.14133281250000002 0.73625 0.14033281250000001 0.729 0.1283328125 0.7165 0.11499999999999999 0.701 0.1006671875 0.701 0.1106671875 0.692 0.11633281250000001 0.6805 0.1106671875 0.682 0.11933281250000001 0.71425 0.149 0.7175 0.159 0.72575 0.1613328125
1 0.70425 0.0776671875 0.7075 0.0723328125 0.705 0.0633328125 0.69675 0.06999999999999999 0.6945 0.0766671875 0.68875 0.0713328125 0.68125 0.081 0.68625 0.0943328125 0.70925 0.1053328125 0.70425 0.0776671875
1 0.7585 0.0743328125 0.766 0.0776671875 0.77925 0.08333281249999999 0.78075 0.0776671875 0.7725 0.068 0.7577499999999999 0.0603328125 0.74875 0.053667187500000005 0.7445 0.0633328125 0.7585 0.0743328125
1 0.77 0.0613328125 0.77 0.0666671875 0.77925 0.0733328125 0.7965 0.06899999999999999 0.78 0.059 0.775 0.057999999999999996 0.77 0.0613328125
1 0.81775 0.0383328125 0.8119999999999999 0.034999999999999996 0.8022500000000001 0.054667187500000006 0.8172499999999999 0.0756671875 0.8310000000000001 0.056999999999999995 0.81775 0.0383328125
1 0.78825 0.12266718750000001 0.81125 0.1063328125 0.80475 0.0986671875 0.8015000000000001 0.08433281249999999 0.7965 0.08199999999999999 0.78825 0.1063328125 0.77 0.093 0.76675 0.1086671875 0.77825 0.11833281250000001 0.77675 0.136 0.78825 0.12266718750000001
1 0.77425 0.1316671875 0.7735000000000001 0.125 0.7495 0.1316671875 0.73625 0.136 0.73875 0.14033281250000001 0.77425 0.1316671875
1 0.7422500000000001 0.14266718750000001 0.7445 0.1503328125 0.72475 0.1623328125 0.7355 0.1766671875 0.748 0.1853328125 0.771 0.16899999999999998 0.7735000000000001 0.1523328125 0.76925 0.14366718750000002 0.77825 0.135 0.77675 0.11833281250000001 0.76525 0.1096671875 0.76925 0.092 0.747 0.0943328125 0.73475 0.0986671875 0.72825 0.079 0.72075 0.0646671875 0.706 0.0743328125 0.7075 0.092 0.71 0.1063328125 0.7422500000000001 0.14266718750000001