1 0.5175 0.0086671875 0.529 0.0106671875 0.53975 0.001 0.48525 0 0.49850000000000005 0.0076671875 0.5175 0.0086671875
1 0.32 0.9636671874999999 0.31325 0.9646671874999999 0.31175 0.9503328124999999 0.3035 0.9536671875 0.29775 0.9603328125000001 0.2985 0.9733328125 0.292 0.9986671875 0.3215 0.9986671875 0.3225 0.9723328125 0.32 0.9636671874999999
1 0.6375 0.462 0.63425 0.45 0.62775 0.45199999999999996 0.61375 0.46399999999999997 0.6014999999999999 0.46533281249999997 0.6054999999999999 0.4783328125 0.62275 0.48066718750000004 0.64 0.47633281250000004 0.6375 0.462
1 0.534 0.362 0.52725 0.35766718750000004 0.52575 0.36 0.519 0.3566671875 0.515 0.3566671875 0.49924999999999997 0.35 0.49349999999999994 0.33999999999999997 0.48949999999999994 0.3523328125 0.48949999999999994 0.3653328125 0.5215 0.38633281249999996 0.52825 0.373 0.534 0.362
1 0.68525 0.26 0.6805 0.26 0.67875 0.2523328125 0.6705 0.2523328125 0.66475 0.2686671875 0.6665 0.2973328125 0.673 0.2973328125 0.67475 0.305 0.6805 0.3083328125 0.6910000000000001 0.305 0.68525 0.26
1 0.7075 0.372 0.7264999999999999 0.34900000000000003 0.72825 0.3586671875 0.73625 0.351 0.7455 0.3323328125 0.7495 0.3213328125 0.743 0.318 0.7355 0.3226671875 0.72975 0.3356671875 0.7165 0.327 0.70675 0.3413328125 0.701 0.3523328125 0.70025 0.3586671875 0.7075 0.372
1 0.5915 0.5136671875000001 0.5832499999999999 0.518 0.57925 0.5123328125 0.57175 0.5156671875 0.575 0.5323328125 0.58575 0.5433328125 0.59225 0.5276671875 0.5965 0.5246671875 0.5972500000000001 0.519 0.5915 0.5136671875000001
1 0.46900000000000003 0.5013328125000001 0.47225 0.495 0.48775 0.4906671875 0.49275 0.47633281250000004 0.4795 0.4783328125 0.47625 0.47400000000000003 0.46900000000000003 0.47633281250000004 0.4615 0.49166718749999994 0.46475 0.5013328125000001 0.46900000000000003 0.5013328125000001
1 0.71075 0.2456671875 0.70175 0.2413328125 0.68525 0.26766718749999996 0.69675 0.2786671875 0.7085 0.261 0.71075 0.2456671875
1 0.5247499999999999 0.4443328125 0.5347500000000001 0.42699999999999994 0.52 0.41366718750000003 0.5035000000000001 0.3896671875 0.48775 0.3896671875 0.4845 0.3973328125 0.48775 0.3993328125 0.477 0.40599999999999997 0.48775 0.4223328125 0.49349999999999994 0.4443328125 0.50175 0.45099999999999996 0.5247499999999999 0.4443328125
1 0.72825 0.273 0.73725 0.271 0.73975 0.261 0.73875 0.2556671875 0.743 0.248 0.74125 0.2413328125 0.734 0.238 0.7304999999999999 0.2423328125 0.72075 0.2303328125 0.70925 0.248 0.71175 0.2576671875 0.72825 0.273
1 0.7215 0.2983328125 0.7175 0.2983328125 0.7165 0.3073328125 0.72325 0.3093328125 0.7175 0.3136671875 0.72 0.317 0.7304999999999999 0.3193328125 0.73225 0.3246671875 0.7455 0.316 0.75525 0.3026671875 0.7405 0.3016671875 0.748 0.2863328125 0.73975 0.27966718749999997 0.72075 0.281 0.71425 0.2853328125 0.7150000000000001 0.2916671875 0.7215 0.2983328125
1 0.49275 0.5113328125 0.477 0.507 0.47300000000000003 0.518 0.46975 0.5309999999999999 0.48624999999999996 0.5386671875 0.5035000000000001 0.5266671875 0.49275 0.5113328125
1 0.5519999999999999 0.5946671875 0.5627500000000001 0.5893328125 0.55275 0.5696671875 0.534 0.5706671875 0.5315000000000001 0.5806671875 0.53625 0.585 0.5469999999999999 0.5826671875 0.5519999999999999 0.5946671875