1 0.1865 0.1996671875 0.17350000000000002 0.20733281250000002 0.17825 0.21733281249999997 0.1875 0.2183328125 0.19475 0.2106671875 0.1865 0.1996671875
1 0.361 0.304 0.35375 0.305 0.35025 0.316 0.35625 0.3246671875 0.362 0.32599999999999996 0.36675 0.3213328125 0.361 0.304
1 0.66725 0.45766718749999996 0.65575 0.4346671875 0.64175 0.4543328125 0.6515 0.484 0.66725 0.45766718749999996
1 0.5725 0.4246671875 0.59075 0.39066718749999996 0.55025 0.3633328125 0.5347500000000001 0.38833281249999996 0.5495 0.4103328125 0.5725 0.4246671875
1 0.44175000000000003 0.4366671875 0.4375 0.441 0.45 0.4553328125 0.49024999999999996 0.4543328125 0.492 0.44000000000000006 0.44175000000000003 0.4366671875
1 0.417 0.4203328125 0.38075000000000003 0.3916671875 0.371 0.3916671875 0.37174999999999997 0.40933281250000003 0.403 0.4346671875 0.41550000000000004 0.4366671875 0.417 0.4203328125
1 0.3355 0.4816671875 0.34125 0.4433328125 0.3315 0.4433328125 0.32325 0.47966718750000004 0.3225 0.49266718750000005 0.32725 0.4936671875 0.3355 0.4816671875
1 0.3825 0.42566718750000004 0.362 0.45099999999999996 0.362 0.46533281249999997 0.37174999999999997 0.46966718749999997 0.38 0.462 0.39475 0.4423328125 0.39725 0.43 0.38975 0.4246671875 0.3825 0.42566718750000004
1 0.394 0.38833281249999996 0.38825 0.395 0.37425 0.4016671875 0.37675000000000003 0.41600000000000004 0.3875 0.4246671875 0.39649999999999996 0.417 0.39975 0.40933281250000003 0.413 0.417 0.4245 0.41900000000000004 0.43425 0.40266718749999997 0.43099999999999994 0.396 0.43274999999999997 0.384 0.41624999999999995 0.38633281249999996 0.40875000000000006 0.39066718749999996 0.40049999999999997 0.3896671875 0.394 0.38833281249999996
1 0.26975 0.462 0.2615 0.46633281249999997 0.26075 0.475 0.269 0.4783328125 0.27625 0.4706671875 0.26975 0.462
1 0.6895 0.8 0.69775 0.7693328125 0.68525 0.7583328125000001 0.678 0.755 0.6679999999999999 0.755 0.6639999999999999 0.7836671875000001 0.67475 0.7956671875 0.678 0.7923328125 0.6895 0.8
1 0.70925 0.799 0.7315 0.8133328125 0.743 0.8056671874999999 0.73875 0.7823328125 0.71575 0.778 0.70675 0.787 0.70925 0.799
1 0.5315000000000001 0.7023328125 0.5207499999999999 0.7066671875 0.52325 0.732 0.538 0.753 0.55125 0.7483328124999999 0.54375 0.7143328125 0.5315000000000001 0.7023328125
1 0.48274999999999996 0.732 0.49349999999999994 0.7453328124999999 0.5035000000000001 0.7296671875 0.524 0.6836671875 0.52325 0.6816671875 0.5215 0.6793328125 0.5117499999999999 0.6716671875 0.5075000000000001 0.6759999999999999 0.491 0.7143328125 0.48200000000000004 0.7233328125 0.48274999999999996 0.732
1 0.53975 0.6946671875 0.54375 0.6846671875 0.538 0.6759999999999999 0.538 0.6683328125 0.5042500000000001 0.6233328124999999 0.49675 0.6343328125000001 0.49675 0.642 0.524 0.6826671875 0.52975 0.6836671875 0.53975 0.6946671875