1 0.6005 0.506 0.62275 0.5113328125 0.63525 0.5046671875000001 0.631 0.4936671875 0.6235 0.48833281250000005 0.62025 0.47633281250000004 0.5940000000000001 0.4686671875 0.58975 0.47633281250000004 0.5875 0.49166718749999994 0.5940000000000001 0.495 0.6005 0.506
1 0.5225 0.395 0.52325 0.39266718749999996 0.52 0.3896671875 0.49924999999999997 0.3763328125 0.49524999999999997 0.3796671875 0.49349999999999994 0.38633281249999996 0.515 0.40266718749999997 0.5207499999999999 0.4003328125 0.5225 0.395
1 0.47474999999999995 0.3313328125 0.4655 0.3313328125 0.46399999999999997 0.32799999999999996 0.4565 0.329 0.45075000000000004 0.3313328125 0.45899999999999996 0.34333281250000003 0.47625 0.34466718749999997 0.47874999999999995 0.3366671875 0.47474999999999995 0.3313328125
1 0.2145 0.3356671875 0.2285 0.34900000000000003 0.2425 0.34466718749999997 0.24425 0.33999999999999997 0.2615 0.3083328125 0.27875 0.3016671875 0.27125 0.2896671875 0.25975000000000004 0.2786671875 0.24925000000000003 0.2543328125 0.24100000000000002 0.248 0.22200000000000003 0.2556671875 0.22525 0.2623328125 0.22200000000000003 0.27533281249999997 0.22599999999999998 0.2853328125 0.213 0.2853328125 0.1915 0.3016671875 0.20950000000000002 0.3116671875 0.2015 0.32799999999999996 0.2145 0.3356671875
1 0.17250000000000001 0.2906671875 0.17825 0.2873328125 0.18175 0.2853328125 0.15275 0.284 0.15025 0.2916671875 0.1585 0.294 0.16775 0.2916671875 0.17250000000000001 0.2906671875
1 0.28275 0.21600000000000003 0.29025 0.215 0.29275 0.21166718750000002 0.2935 0.1963328125 0.27799999999999997 0.1973328125 0.26975 0.2063328125 0.2705 0.21733281249999997 0.27875 0.2183328125 0.28275 0.21600000000000003
1 0.23174999999999998 0.159 0.21125 0.1556671875 0.20800000000000002 0.158 0.20800000000000002 0.1623328125 0.2105 0.1633328125 0.22774999999999998 0.1643328125 0.231 0.1633328125 0.23174999999999998 0.159
1 0.47225 0.2853328125 0.46799999999999997 0.284 0.454 0.2916671875 0.45899999999999996 0.305 0.47050000000000003 0.29500000000000004 0.47225 0.2853328125
1 0.58975 0.2063328125 0.589 0.1853328125 0.57925 0.183 0.5700000000000001 0.1853328125 0.5700000000000001 0.1906671875 0.5775 0.1996671875 0.58975 0.2063328125
1 0.37825000000000003 0.17099999999999999 0.376 0.1753328125 0.38175 0.192 0.38975 0.1906671875 0.38325 0.1776671875 0.37825000000000003 0.17099999999999999
1 0.12075 0.16999999999999998 0.11499999999999999 0.1633328125 0.11074999999999999 0.1633328125 0.10600000000000001 0.16899999999999998 0.10500000000000001 0.1776671875 0.11074999999999999 0.1776671875 0.11750000000000001 0.1766671875 0.12075 0.16999999999999998
1 0.09925 0.20733281250000002 0.1085 0.2083328125 0.10275000000000001 0.21400000000000002 0.0985 0.21733281249999997 0.09925 0.22366718749999998 0.1035 0.225 0.11074999999999999 0.2226671875 0.12075 0.21933281249999997 0.129 0.21933281249999997 0.1315 0.22599999999999998 0.12250000000000001 0.2326671875 0.1165 0.238 0.11074999999999999 0.2436671875 0.10500000000000001 0.24900000000000003 0.10024999999999999 0.261 0.0985 0.271 0.0985 0.2786671875 0.10175000000000001 0.282 0.101 0.2873328125 0.10024999999999999 0.29300000000000004 0.09925 0.2983328125 0.096 0.317 0.1035 0.317 0.10674999999999998 0.3016671875 0.11074999999999999 0.2896671875 0.11750000000000001 0.2916671875 0.12975 0.2983328125 0.152 0.2983328125 0.16999999999999998 0.2973328125 0.18825 0.2896671875 0.1965 0.28866718750000003 0.20550000000000002 0.28300000000000003 0.2145 0.273 0.217 0.26 0.21949999999999997 0.25 0.22025 0.238 0.21875 0.23133281249999998 0.20875 0.21933281249999997 0.18975 0.20933281250000002 0.1825 0.2063328125 0.18975 0.1876671875 0.18175 0.183 0.175 0.18 0.16675 0.183 0.161 0.1843328125 0.15525 0.1786671875 0.15025 0.181 0.14450000000000002 0.181 0.14125000000000001 0.1743328125 0.13474999999999998 0.17233281250000002 0.1265 0.17099999999999999 0.11574999999999999 0.1753328125 0.1075 0.1776671875 0.0985 0.1786671875 0.08375 0.1886671875 0.08375 0.1986671875 0.0895 0.20733281250000002 0.09925 0.20733281250000002