1 0.77 0.7276671875 0.76425 0.742 0.7775000000000001 0.7506671875 0.784 0.7373328124999999 0.77 0.7276671875
1 0.7825 0.7496671874999999 0.7875 0.7516671875000001 0.79325 0.7453328124999999 0.7875 0.7396671875 0.79225 0.7353328125 0.80375 0.744 0.81125 0.7363328124999999 0.81775 0.7176671875 0.81875 0.7033328125 0.80375 0.6903328125 0.7965 0.6826671875 0.7889999999999999 0.6826671875 0.78575 0.688 0.7685 0.6923328125 0.76925 0.7013328125 0.75525 0.6980000000000001 0.7537499999999999 0.7123328124999999 0.757 0.721 0.7825 0.7496671874999999
1 0.39075000000000004 0.4236671875 0.39225 0.43333281250000005 0.39475 0.441 0.40875000000000006 0.44000000000000006 0.40875000000000006 0.41900000000000004 0.39075000000000004 0.4236671875
1 0.641 0.2063328125 0.63525 0.1996671875 0.63025 0.1996671875 0.61875 0.22166718749999997 0.6212500000000001 0.2576671875 0.6252500000000001 0.261 0.6375 0.22799999999999998 0.641 0.2063328125
1 0.91175 0.08 0.9182499999999999 0.0666671875 0.9182499999999999 0.054667187500000006 0.9085000000000001 0.0633328125 0.906 0.0613328125 0.8985 0.0756671875 0.89925 0.081 0.9027499999999999 0.08333281249999999 0.91175 0.08
1 0.49775 0.2916671875 0.501 0.28866718750000003 0.5075000000000001 0.2686671875 0.496 0.2643328125 0.48949999999999994 0.281 0.49024999999999996 0.2896671875 0.49450000000000005 0.2916671875 0.49775 0.2916671875
1 0.9692500000000001 0.093 0.9595 0.10400000000000001 0.9487500000000001 0.0953328125 0.93225 0.10200000000000001 0.9225 0.11299999999999999 0.93725 0.1283328125 0.96275 0.12166718750000001 0.97425 0.093 0.9692500000000001 0.093
1 0.5585 0.3816671875 0.5635 0.35766718750000004 0.54625 0.3543328125 0.5469999999999999 0.3696671875 0.55025 0.3786671875 0.5585 0.3816671875
1 0.6845 0.4223328125 0.67375 0.41600000000000004 0.6639999999999999 0.43766718750000005 0.67225 0.4466671875 0.68125 0.43766718750000005 0.6845 0.4223328125
1 0.4655 0.4553328125 0.45725 0.4706671875 0.44675000000000004 0.475 0.43099999999999994 0.47966718750000004 0.422 0.47300000000000003 0.413 0.45766718749999996 0.41375 0.4356671875 0.42275 0.42133281250000004 0.43174999999999997 0.40599999999999997 0.4425 0.4003328125 0.45575 0.4003328125 0.4755 0.40933281250000003 0.48775 0.4203328125 0.496 0.4356671875 0.49924999999999997 0.4553328125 0.49675 0.47966718750000004 0.5042500000000001 0.4783328125 0.5042500000000001 0.45199999999999996 0.505 0.43 0.50925 0.41266718750000003 0.52 0.41266718750000003 0.52975 0.40700000000000003 0.54125 0.41600000000000004 0.5545 0.4223328125 0.56025 0.43333281250000005 0.5627500000000001 0.4553328125 0.57925 0.4783328125 0.59975 0.496 0.622 0.5026671875 0.64675 0.49933281249999995 0.6525000000000001 0.497 0.67475 0.5136671875000001 0.70025 0.5246671875 0.70425 0.517 0.67225 0.5003328125000001 0.654 0.49166718749999994 0.66975 0.48066718750000004 0.67875 0.4673328125 0.68525 0.4476671875 0.69025 0.4223328125 0.6877500000000001 0.40266718749999997 0.6952499999999999 0.395 0.70275 0.384 0.701 0.3763328125 0.692 0.3586671875 0.67225 0.3466671875 0.65725 0.33799999999999997 0.6475 0.3246671875 0.636 0.318 0.61875 0.3203328125 0.60725 0.3073328125 0.5965 0.2983328125 0.585 0.28866718750000003 0.56925 0.2863328125 0.5635 0.27966718749999997 0.5495 0.273 0.5355000000000001 0.2743328125 0.5207499999999999 0.27966718749999997 0.51 0.281 0.48875 0.28866718750000003 0.47375 0.2983328125 0.47474999999999995 0.305 0.48525 0.2963328125 0.49850000000000005 0.29300000000000004 0.51425 0.2873328125 0.5085 0.294 0.505 0.3083328125 0.506 0.32799999999999996 0.49275 0.3413328125 0.4755 0.35533281250000004 0.4565 0.3676671875 0.44675000000000004 0.3696671875 0.44575 0.373 0.45 0.3773328125 0.46799999999999997 0.371 0.48624999999999996 0.35533281250000004 0.49349999999999994 0.34766718750000003 0.49675 0.3523328125 0.5085 0.3523328125 0.50175 0.361 0.49275 0.3663328125 0.487 0.3806671875 0.48775 0.395 0.48875 0.40366718749999997 0.50175 0.4113328125 0.5002500000000001 0.42133281250000004 0.5002500000000001 0.43333281250000005 0.49850000000000005 0.42566718750000004 0.49450000000000005 0.41600000000000004 0.48775 0.40833281250000003 0.4795 0.4016671875 0.46475 0.394 0.44825 0.3916671875 0.4295 0.3993328125 0.417 0.41366718750000003 0.41125 0.42566718750000004 0.40725 0.45 0.40725 0.462 0.41200000000000003 0.4773328125 0.4335 0.4893328125 0.45325 0.484 0.4665 0.46633281249999997 0.47625 0.45199999999999996 0.48200000000000004 0.42800000000000005 0.477 0.4246671875 0.47300000000000003 0.43766718750000005 0.4655 0.4553328125
1 0.8227499999999999 0.40266718749999997 0.83675 0.3993328125 0.841 0.3873328125 0.826 0.3696671875 0.80625 0.35533281250000004 0.79325 0.36 0.79075 0.34566718750000003 0.78 0.3303328125 0.7725 0.3246671875 0.76775 0.3116671875 0.7577499999999999 0.3073328125 0.74375 0.305 0.73975 0.315 0.733 0.305 0.7215 0.3073328125 0.7150000000000001 0.2973328125 0.7035 0.2906671875 0.69275 0.2983328125 0.669 0.32799999999999996 0.673 0.34766718750000003 0.6952499999999999 0.34466718749999997 0.7150000000000001 0.34233281249999997 0.72175 0.361 0.7190000000000001 0.371 0.70675 0.3806671875 0.70675 0.39066718749999996 0.6992499999999999 0.396 0.70175 0.39833281249999997 0.71425 0.40499999999999997 0.72725 0.40366718749999997 0.72725 0.394 0.73475 0.395 0.74375 0.394 0.7537499999999999 0.3873328125 0.77 0.40933281250000003 0.7865 0.40833281250000003 0.8015000000000001 0.396 0.8227499999999999 0.40266718749999997