1 0.305 0.11499999999999999 0.3035 0.1106671875 0.29100000000000004 0.10200000000000001 0.29100000000000004 0.1096671875 0.30025 0.11933281250000001 0.305 0.11499999999999999
1 0.394 0.1513328125 0.39225 0.14133281250000002 0.3735 0.1336671875 0.36275 0.135 0.36924999999999997 0.14366718750000002 0.389 0.1556671875 0.394 0.1513328125
1 0.55125 0.2083328125 0.55025 0.2016671875 0.54625 0.193 0.54125 0.194 0.529 0.2063328125 0.51825 0.20933281250000002 0.5207499999999999 0.22599999999999998 0.5315000000000001 0.22366718749999998 0.54475 0.21600000000000003 0.55125 0.2083328125
1 0.538 0.3103328125 0.548 0.306 0.5455 0.2996671875 0.55275 0.2896671875 0.56025 0.27966718749999997 0.55625 0.271 0.55275 0.272 0.5445 0.26533281249999996 0.5387500000000001 0.26766718749999996 0.53225 0.2743328125 0.5265 0.27533281249999997 0.52325 0.3026671875 0.52825 0.3073328125 0.5347500000000001 0.3016671875 0.538 0.3103328125
1 0.35525 0.3313328125 0.33799999999999997 0.3653328125 0.35625 0.383 0.3735 0.3466671875 0.35525 0.3313328125
1 0.50275 0.272 0.5002500000000001 0.261 0.49675 0.2576671875 0.49675 0.2513328125 0.49349999999999994 0.248 0.48375 0.26 0.4805 0.2686671875 0.48949999999999994 0.27533281249999997 0.49450000000000005 0.27 0.49450000000000005 0.2786671875 0.49675 0.281 0.50275 0.272
1 0.58075 0.3073328125 0.5875 0.3126671875 0.5980000000000001 0.3073328125 0.60225 0.2996671875 0.6014999999999999 0.2906671875 0.59325 0.284 0.584 0.2863328125 0.58 0.2963328125 0.58075 0.3073328125
1 0.51 0.3786671875 0.51075 0.371 0.5035000000000001 0.3653328125 0.49775 0.373 0.496 0.3816671875 0.50175 0.385 0.50675 0.384 0.51 0.3786671875
1 0.61125 0.496 0.617 0.496 0.62775 0.48733281249999993 0.63175 0.4773328125 0.63025 0.4686671875 0.63525 0.4686671875 0.65 0.4596671875 0.64925 0.4543328125 0.64325 0.45099999999999996 0.64425 0.4423328125 0.6367499999999999 0.4346671875 0.6155 0.4323328125 0.6105 0.4433328125 0.59575 0.4366671875 0.58975 0.43899999999999995 0.5875 0.4486671875 0.58175 0.45 0.58825 0.46966718749999997 0.5940000000000001 0.47300000000000003 0.5940000000000001 0.4783328125 0.61125 0.496
1 0.68875 0.4783328125 0.70275 0.46299999999999997 0.69675 0.45199999999999996 0.687 0.45099999999999996 0.67475 0.45199999999999996 0.6755 0.472 0.68875 0.4783328125
1 0.71175 0.6146671875 0.71075 0.6056671875 0.7175 0.5903328125 0.71325 0.587 0.69675 0.5993328124999999 0.67375 0.631 0.68125 0.641 0.69025 0.6453328125 0.71175 0.6146671875
1 0.51825 0.756 0.515 0.7693328125 0.529 0.8153328125 0.5387500000000001 0.8296671874999999 0.55025 0.8320000000000001 0.56425 0.8230000000000001 0.5700000000000001 0.8076671875000001 0.56775 0.7813328125 0.548 0.744 0.538 0.7363328124999999 0.52975 0.7353328125 0.52325 0.7396671875 0.51 0.7296671875 0.505 0.7166671874999999 0.496 0.7156671875 0.5002500000000001 0.7296671875 0.50275 0.7453328124999999 0.51825 0.756
1 0.52975 0.8603328125 0.5157499999999999 0.8636671874999999 0.496 0.845 0.48875 0.8416671875 0.4845 0.8416671875 0.4845 0.8473328125 0.5075000000000001 0.8789999999999999 0.5315000000000001 0.8756671875 0.53625 0.866 0.52975 0.8603328125
1 0.48200000000000004 0.6343328125000001 0.45975 0.663 0.46900000000000003 0.6716671875 0.46475 0.6846671875 0.487 0.697 0.496 0.6736671875 0.49275 0.643 0.48200000000000004 0.6343328125000001
1 0.491 0.6013328125 0.4795 0.63 0.49275 0.6396671875 0.50275 0.609 0.491 0.6013328125
1 0.29775 0.7583328125000001 0.28375 0.8119999999999999 0.28775 0.8196671875 0.29275 0.8166671875 0.30175 0.7606671875 0.29775 0.7583328125000001
1 0.27799999999999997 0.7343328125 0.28450000000000003 0.732 0.28450000000000003 0.7133328125 0.27475 0.7066671875 0.27475 0.6956671875 0.269 0.6990000000000001 0.268 0.687 0.27475 0.6846671875 0.2705 0.6769999999999999 0.2615 0.6769999999999999 0.25575000000000003 0.6793328125 0.25425 0.6913328125 0.2475 0.7 0.25325000000000003 0.72 0.2615 0.7186671875 0.2665 0.721 0.268 0.7143328125 0.27475 0.7156671875 0.27125 0.721 0.27799999999999997 0.7343328125
1 0.1265 0.6616671875 0.14550000000000002 0.6243328125 0.14450000000000002 0.621 0.1405 0.619 0.12250000000000001 0.6573328125 0.1125 0.6816671875 0.11074999999999999 0.6980000000000001 0.11425 0.7233328125 0.12075 0.7253328125 0.12 0.7156671875 0.11750000000000001 0.6980000000000001 0.11750000000000001 0.6893328125 0.1265 0.6616671875