0 0.18671875 0.45546875 0.1234375 0.0828125
0 0.01796875 0.67265625 0.0359375 0.1421875
0 0.10625 0.712109375 0.078125 0.19921875
0 0.208203125 0.584375 0.05078125 0.06875
0 0.2203125 0.67890625 0.1 0.0828125
0 0.14765625 0.92734375 0.2234375 0.1421875
0 0.200390625 0.821484375 0.09765625 0.08984375
0 0.31640625 0.516796875 0.1265625 0.11171875
0 0.38671875 0.425 0.0484375 0.046875
0 0.52890625 0.600390625 0.1234375 0.30078125
0 0.83203125 0.585546875 0.3328125 0.26796875
0 0.481640625 0.93125 0.10703125 0.09375
0 0.63125 0.908984375 0.1 0.17421875
0 0.78203125 0.918359375 0.0734375 0.11171875
0 0.96484375 0.891015625 0.0671875 0.21015625
0 0.6875 0.3828125 0.11875 0.115625
0 0.916015625 0.3734375 0.14765625 0.13125