0 0.77265625 0.38203125 0.0265625 0.0765625
0 0.752734375 0.45390625 0.02421875 0.0453125
0 0.731640625 0.533203125 0.04453125 0.08515625
0 0.715234375 0.661328125 0.02734375 0.10703125
0 0.63203125 0.816015625 0.0484375 0.12265625
0 0.716796875 0.916796875 0.03984375 0.05859375
0 0.270703125 0.844921875 0.50390625 0.27734375
0 0.50859375 0.465625 0.0359375 0.0375
0 0.309375 0.51484375 0.06875 0.0421875
0 0.3953125 0.527734375 0.06875 0.03984375
0 0.48828125 0.577734375 0.0515625 0.11796875
0 0.628515625 0.50703125 0.05390625 0.0984375