0 0.06875 0.476953125 0.0375 0.09765625
0 0.08203125 0.597265625 0.1203125 0.07578125
0 0.20546875 0.731640625 0.0984375 0.06015625
0 0.449609375 0.64375 0.09609375 0.09375
0 0.5453125 0.76640625 0.103125 0.0890625
0 0.725390625 0.731640625 0.08203125 0.09765625
0 0.501953125 0.941015625 0.15390625 0.07578125
0 0.68828125 0.294921875 0.0484375 0.03359375
0 0.701953125 0.43671875 0.08203125 0.1671875
0 0.821484375 0.3875 0.08046875 0.0375
0 0.67421875 0.11796875 0.1265625 0.0515625
0 0.801171875 0.1796875 0.11171875 0.0375
0 0.04140625 0.212109375 0.0515625 0.05546875
0 0.08046875 0.337109375 0.0640625 0.05546875
0 0.410546875 0.43828125 0.07421875 0.0578125
0 0.02890625 0.7546875 0.0515625 0.146875