0 0.083984375 0.333203125 0.16484375 0.13203125
0 0.427734375 0.240234375 0.08984375 0.07109375
0 0.219140625 0.319140625 0.09140625 0.08203125
0 0.058203125 0.605078125 0.11640625 0.11328125
0 0.112109375 0.709765625 0.08984375 0.05390625
0 0.387890625 0.57890625 0.11640625 0.0796875
0 0.46015625 0.63984375 0.1546875 0.0671875
0 0.20546875 0.625390625 0.1515625 0.10078125
0 0.766796875 0.44140625 0.08046875 0.0421875
0 0.779296875 0.408984375 0.05546875 0.03984375
0 0.87265625 0.5484375 0.0484375 0.05625
0 0.958984375 0.511328125 0.08046875 0.06953125
0 0.53046875 0.776953125 0.1765625 0.11328125
0 0.409765625 0.876171875 0.06015625 0.05859375
0 0.738671875 0.658203125 0.07421875 0.05078125