0 0.587890625 0.6953125 0.14765625 0.328125
0 0.801953125 0.52578125 0.19453125 0.1046875
0 0.526953125 0.46328125 0.10703125 0.0984375
0 0.714453125 0.253125 0.20703125 0.125
0 0.840234375 0.457421875 0.11796875 0.28359375
0 0.39375 0.283203125 0.18125 0.17578125
0 0.9734375 0.69609375 0.053125 0.1546875
0 0.912109375 0.92109375 0.13671875 0.1578125
0 0.31640625 0.714453125 0.3640625 0.19453125
0 0.146484375 0.284765625 0.13359375 0.12890625
0 0.07734375 0.71015625 0.1203125 0.1921875
0 0.30390625 0.886328125 0.2984375 0.11328125
0 0.87890625 0.1 0.2171875 0.171875
0 0.890234375 0.660546875 0.12109375 0.12734375
0 0.84609375 0.79140625 0.0765625 0.0765625
0 0.68828125 0.726953125 0.0734375 0.11328125
0 0.44921875 0.55234375 0.1515625 0.1234375
0 0.414453125 0.441796875 0.11328125 0.08671875
0 0.658203125 0.06640625 0.25703125 0.1234375
0 0.181640625 0.183203125 0.06015625 0.08203125
0 0.226171875 0.494140625 0.05859375 0.09765625
0 0.345703125 0.055078125 0.07578125 0.10078125
0 0.091796875 0.087890625 0.10546875 0.09765625