0 0.67421875 0.704296875 0.1984375 0.16796875
0 0.50859375 0.385546875 0.0828125 0.10234375
0 0.552734375 0.3453125 0.08046875 0.09375
0 0.748046875 0.405078125 0.04296875 0.17890625
0 0.75390625 0.62421875 0.0421875 0.1453125
0 0.865234375 0.378515625 0.04296875 0.13203125
0 0.342578125 0.404296875 0.05078125 0.09609375
0 0.187890625 0.43125 0.04453125 0.06875
0 0.36953125 0.509375 0.0609375 0.1
0 0.47578125 0.762890625 0.1234375 0.10703125
0 0.800390625 0.6734375 0.03828125 0.046875
0 0.842578125 0.58515625 0.03515625 0.0640625