0 0.384375 0.565234375 0.521875 0.17421875
0 0.821484375 0.659375 0.34609375 0.25
0 0.431640625 0.71015625 0.41953125 0.1265625
0 0.456640625 0.88046875 0.21015625 0.0578125
0 0.508984375 0.80703125 0.15859375 0.0796875
0 0.728125 0.816796875 0.196875 0.07421875
0 0.92109375 0.83671875 0.1546875 0.1203125
0 0.125 0.776953125 0.1 0.06015625
0 0.06484375 0.6 0.1046875 0.15625
0 0.046875 0.70390625 0.06875 0.0453125
0 0.414453125 0.448046875 0.19453125 0.05859375
0 0.25703125 0.40390625 0.1671875 0.1390625
0 0.60390625 0.354296875 0.2921875 0.07421875
0 0.943359375 0.35703125 0.11171875 0.0734375