0 0.5625 0.317578125 0.1 0.17890625
0 0.0609375 0.743359375 0.084375 0.15859375
0 0.2125 0.69921875 0.178125 0.1046875
0 0.196875 0.613671875 0.0375 0.05859375
0 0.248828125 0.800390625 0.09765625 0.05390625
0 0.278515625 0.882421875 0.08203125 0.05859375
0 0.43125 0.9515625 0.06875 0.0625
0 0.4546875 0.81640625 0.11875 0.1078125
0 0.578515625 0.643359375 0.12890625 0.19921875
0 0.587890625 0.503515625 0.06640625 0.06640625
0 0.7140625 0.708203125 0.125 0.11328125
0 0.870703125 0.29921875 0.08203125 0.0453125
0 0.69375 0.254296875 0.0375 0.07421875
0 0.9421875 0.721484375 0.109375 0.05859375
0 0.925 0.371875 0.0375 0.0375
0 0.984375 0.42265625 0.025 0.0171875