0 0.0203125 0.4171875 0.040625 0.06875
0 0.091015625 0.6 0.09140625 0.396875
0 0.021875 0.62890625 0.04375 0.3484375
0 0.21171875 0.685546875 0.1390625 0.29921875
0 0.245703125 0.465625 0.12265625 0.165625
0 0.276171875 0.362890625 0.08671875 0.03515625
0 0.35390625 0.65078125 0.0921875 0.3296875
0 0.404296875 0.44765625 0.10234375 0.0671875
0 0.46484375 0.65546875 0.1078125 0.3296875
0 0.61328125 0.612109375 0.1765625 0.38359375
0 0.899609375 0.55703125 0.19921875 0.3578125
0 0.828515625 0.748046875 0.06015625 0.12734375
0 0.659375 0.40078125 0.134375 0.0421875