0 0.528515625 0.4875 0.65390625 0.35
0 0.230859375 0.793359375 0.16796875 0.21171875
0 0.11328125 0.787890625 0.0671875 0.05078125
0 0.52265625 0.76015625 0.4109375 0.1859375
0 0.720703125 0.901171875 0.27890625 0.08984375
0 0.53515625 0.9625 0.0921875 0.06875
0 0.923828125 0.95234375 0.12265625 0.0953125
0 0.92890625 0.482421875 0.1390625 0.33984375
0 0.130078125 0.5015625 0.14453125 0.19375
0 0.024609375 0.5453125 0.03359375 0.040625
0 0.465234375 0.282421875 0.33984375 0.05546875
0 0.326953125 0.8875 0.01953125 0.0375
0 0.1 0.853125 0.040625 0.053125
0 0.876953125 0.712109375 0.06640625 0.05546875