0 0.346875 0.4390625 0.2125 0.0375
0 0.05703125 0.389453125 0.0453125 0.03515625
0 0.136328125 0.398046875 0.01953125 0.01171875
0 0.175390625 0.365625 0.02890625 0.053125
0 0.27578125 0.365625 0.0640625 0.025
0 0.48828125 0.38671875 0.1578125 0.0453125
0 0.383984375 0.397265625 0.01796875 0.03515625
0 0.735546875 0.6890625 0.14921875 0.1
0 0.59609375 0.7015625 0.1203125 0.103125
0 0.472265625 0.67109375 0.12265625 0.1984375
0 0.345703125 0.708203125 0.11328125 0.13203125
0 0.65078125 0.42421875 0.0203125 0.0140625
0 0.60390625 0.34765625 0.0296875 0.0171875