0 0.39453125 0.855859375 0.1671875 0.22109375
0 0.46328125 0.654296875 0.0796875 0.08671875
0 0.805859375 0.617578125 0.07421875 0.06640625
0 0.616796875 0.98203125 0.01796875 0.0171875
0 0.40546875 0.72734375 0.0609375 0.0296875
0 0.773828125 0.394140625 0.01953125 0.02265625
0 0.71015625 0.358203125 0.0453125 0.03828125
0 0.616796875 0.310546875 0.01171875 0.01171875
0 0.650390625 0.32578125 0.01328125 0.0109375
0 0.83515625 0.4328125 0.0203125 0.0375
0 0.486328125 0.499609375 0.19453125 0.10546875
0 0.7125 0.491015625 0.25 0.11328125
0 0.647265625 0.56171875 0.02890625 0.0265625
0 0.593359375 0.571484375 0.07109375 0.04296875
0 0.584375 0.6171875 0.053125 0.0375
0 0.401953125 0.399609375 0.05390625 0.12109375
0 0.361328125 0.4046875 0.03515625 0.125
0 0.32578125 0.44375 0.0453125 0.0875
0 0.41484375 0.36328125 0.0203125 0.0640625
0 0.490234375 0.34765625 0.15859375 0.2703125
0 0.633203125 0.810546875 0.05390625 0.03984375