0 0.76484375 0.3015625 0.2640625 0.125
0 0.801953125 0.1859375 0.19140625 0.084375
0 0.944921875 0.1140625 0.10546875 0.15
0 0.592578125 0.388671875 0.02265625 0.02734375
0 0.620703125 0.8171875 0.11328125 0.34375
0 0.6390625 0.61875 0.134375 0.053125
0 0.650390625 0.567578125 0.04453125 0.02890625
0 0.60703125 0.49140625 0.0265625 0.0171875
0 0.43125 0.6125 0.25625 0.15625
0 0.3171875 0.9625 0.171875 0.06875
0 0.46875 0.853125 0.1625 0.1
0 0.51171875 0.73515625 0.1046875 0.0890625
0 0.284765625 0.804296875 0.16953125 0.12734375
0 0.150390625 0.8546875 0.07578125 0.06875
0 0.214453125 0.71484375 0.18515625 0.0890625
0 0.95 0.341796875 0.071875 0.04921875
0 0.752734375 0.418359375 0.23671875 0.09609375