0 0.38046875 0.23125 0.3328125 0.421875
0 0.31640625 0.721484375 0.1609375 0.10234375
0 0.68203125 0.793359375 0.0890625 0.16484375
0 0.507421875 0.9671875 0.10546875 0.0625
0 0.76953125 0.969921875 0.1296875 0.05546875
0 0.81484375 0.883203125 0.1203125 0.06015625
0 0.84296875 0.5265625 0.0609375 0.071875
0 0.78125 0.452734375 0.1 0.07421875
0 0.807421875 0.341796875 0.04296875 0.06484375
0 0.084375 0.59609375 0.0625 0.0953125
0 0.33203125 0.537109375 0.0921875 0.04921875
0 0.1984375 0.4984375 0.084375 0.071875
0 0.17578125 0.405859375 0.0671875 0.08984375
0 0.709375 0.130859375 0.046875 0.02734375
0 0.598828125 0.236328125 0.09765625 0.04453125
0 0.82265625 0.1921875 0.0671875 0.053125
0 0.4328125 0.009375 0.146875 0.01875
0 0.431640625 0.563671875 0.05078125 0.03984375
0 0.34609375 0.482421875 0.2015625 0.06484375
0 0.80390625 0.671484375 0.0140625 0.05546875