0 0.6296875 0.825390625 0.11875 0.11328125
0 0.097265625 0.928515625 0.07578125 0.03828125
0 0.26640625 0.68671875 0.0453125 0.0421875
0 0.407421875 0.77578125 0.08984375 0.0796875
0 0.1296875 0.58359375 0.146875 0.1609375
0 0.32109375 0.55390625 0.2140625 0.0765625
0 0.39453125 0.489453125 0.2546875 0.06015625
0 0.675 0.666015625 0.209375 0.12890625
0 0.85078125 0.76875 0.0484375 0.046875
0 0.461328125 0.6921875 0.10078125 0.0375
0 0.762890625 0.496875 0.47265625 0.0875
0 0.967578125 0.570703125 0.06015625 0.03515625