0 0.3640625 0.262109375 0.03125 0.02734375
0 0.371484375 0.306640625 0.02734375 0.05078125
0 0.403515625 0.380078125 0.07578125 0.04453125
0 0.4484375 0.43984375 0.025 0.0421875
0 0.492578125 0.478125 0.03828125 0.040625
0 0.540625 0.48125 0.053125 0.05625
0 0.590625 0.554296875 0.09375 0.07109375
0 0.71171875 0.67421875 0.1828125 0.1734375
0 0.94140625 0.775 0.1046875 0.140625
0 0.85859375 0.731640625 0.0296875 0.04453125
0 0.81015625 0.414453125 0.0671875 0.04453125
0 0.58046875 0.36171875 0.0796875 0.0734375
0 0.51484375 0.31484375 0.0296875 0.0140625
0 0.45390625 0.28046875 0.0265625 0.0640625
0 0.41328125 0.2140625 0.0265625 0.046875
0 0.42578125 0.25703125 0.0140625 0.0265625
0 0.554296875 0.23515625 0.02734375 0.0453125
0 0.60234375 0.23515625 0.0203125 0.0359375
0 0.685546875 0.242578125 0.05859375 0.02890625
0 0.636328125 0.1453125 0.03828125 0.021875
0 0.519140625 0.22109375 0.02890625 0.0328125
0 0.528125 0.16484375 0.015625 0.0265625
0 0.479296875 0.211328125 0.01171875 0.01953125