0 0.367578125 0.305859375 0.08203125 0.04921875
0 0.52734375 0.37265625 0.3265625 0.0765625
0 0.48671875 0.305859375 0.1296875 0.05546875
0 0.30234375 0.68203125 0.1140625 0.0515625
0 0.46484375 0.84296875 0.3140625 0.0921875
0 0.28046875 0.87421875 0.0515625 0.0515625
0 0.686328125 0.928125 0.14765625 0.0875
0 0.634765625 0.20390625 0.20078125 0.0421875
0 0.775 0.1703125 0.040625 0.021875
0 0.477734375 0.69375 0.04296875 0.0375
0 0.8671875 0.16015625 0.03125 0.0421875
0 0.16328125 0.491796875 0.0609375 0.01796875