0 0.369140625 0.398046875 0.31015625 0.08984375
0 0.60625 0.6265625 0.615625 0.3375
0 0.154296875 0.567578125 0.03984375 0.05390625
0 0.246484375 0.638671875 0.08984375 0.07109375
0 0.75390625 0.23828125 0.2171875 0.1046875
0 0.8796875 0.378515625 0.1625 0.14765625
0 0.987890625 0.5859375 0.02265625 0.1
0 0.487109375 0.3390625 0.06484375 0.05625
0 0.268359375 0.53125 0.05546875 0.0625
0 0.380859375 0.821875 0.16484375 0.046875
0 0.51484375 0.928515625 0.1046875 0.06015625
0 0.119921875 0.482421875 0.08046875 0.03359375
0 0.01796875 0.53046875 0.0296875 0.0296875