0 0.203515625 0.251171875 0.06015625 0.07109375
0 0.288671875 0.409765625 0.23671875 0.06015625
0 0.021484375 0.48046875 0.04296875 0.0359375
0 0.1296875 0.54296875 0.103125 0.0359375
0 0.043359375 0.685546875 0.08046875 0.03984375
0 0.334765625 0.862109375 0.16953125 0.07109375
0 0.552734375 0.740234375 0.13359375 0.03984375
0 0.80078125 0.70546875 0.1203125 0.4546875
0 0.93828125 0.8703125 0.1203125 0.109375
0 0.613671875 0.3484375 0.04296875 0.03125
0 0.70625 0.439453125 0.05625 0.02890625
0 0.602734375 0.4875 0.08046875 0.03125
0 0.43984375 0.515234375 0.1109375 0.03984375
0 0.326171875 0.52578125 0.08046875 0.0359375
0 0.37265625 0.64140625 0.1234375 0.0359375
0 0.478125 0.302734375 0.046875 0.02421875
0 0.436328125 0.367578125 0.05078125 0.02890625
0 0.369921875 0.360546875 0.08046875 0.02421875