0 0.841015625 0.800390625 0.31640625 0.29453125
0 0.270703125 0.88515625 0.08515625 0.0296875
0 0.565234375 0.834765625 0.04296875 0.03828125
0 0.41953125 0.784375 0.2140625 0.0625
0 0.48046875 0.69296875 0.1671875 0.1453125
0 0.332421875 0.646484375 0.12734375 0.14296875
0 0.149609375 0.6796875 0.18359375 0.1625
0 0.384375 0.39453125 0.259375 0.0765625
0 0.598046875 0.56171875 0.14296875 0.3765625
0 0.92265625 0.559765625 0.0890625 0.03828125
0 0.131640625 0.571875 0.02265625 0.03125
0 0.723046875 0.609765625 0.08046875 0.06953125