0 0.104296875 0.314453125 0.11171875 0.14453125
0 0.02734375 0.490625 0.0546875 0.178125
0 0.212109375 0.4875 0.10546875 0.084375
0 0.3265625 0.56875 0.15625 0.078125
0 0.264453125 0.633984375 0.11640625 0.08984375
0 0.423046875 0.766796875 0.08046875 0.08046875
0 0.07734375 0.62109375 0.0640625 0.0265625
0 0.01796875 0.652734375 0.0359375 0.07421875
0 0.3734375 0.09609375 0.240625 0.1859375
0 0.15859375 0.055859375 0.0421875 0.10234375
0 0.366015625 0.22578125 0.06953125 0.0484375
0 0.55234375 0.234375 0.1140625 0.146875
0 0.67109375 0.3640625 0.1046875 0.134375
0 0.798046875 0.480078125 0.11171875 0.06640625
0 0.6453125 0.54140625 0.071875 0.0421875
0 0.415234375 0.43984375 0.03359375 0.0359375
0 0.811328125 0.802734375 0.17578125 0.08984375
0 0.903125 0.403125 0.19375 0.21875
0 0.96875 0.58515625 0.0625 0.1109375
0 0.72578125 0.09765625 0.2203125 0.1890625