0 0.18828125 0.36484375 0.0484375 0.0453125
0 0.276953125 0.600390625 0.30390625 0.10078125
0 0.42890625 0.853125 0.1515625 0.109375
0 0.533203125 0.59609375 0.17578125 0.1046875
0 0.69765625 0.6453125 0.1359375 0.203125
0 0.8125 0.58984375 0.071875 0.0828125
0 0.832421875 0.78828125 0.10546875 0.0765625
0 0.633203125 0.364453125 0.04453125 0.05078125
0 0.398046875 0.468359375 0.08984375 0.08046875
0 0.33203125 0.520703125 0.0578125 0.05078125
0 0.52421875 0.235546875 0.1203125 0.09609375
0 0.37265625 0.14609375 0.0515625 0.0421875