0 0.3125 0.84140625 0.125 0.0765625
0 0.07734375 0.6765625 0.0296875 0.0625
0 0.2078125 0.558203125 0.03125 0.03828125
0 0.016796875 0.69453125 0.01796875 0.0484375
0 0.26953125 0.594140625 0.0203125 0.04453125
0 0.155859375 0.62578125 0.08046875 0.0296875
0 0.28046875 0.67890625 0.0203125 0.0359375
0 0.32265625 0.73984375 0.0203125 0.0265625
0 0.371484375 0.737890625 0.03984375 0.04453125
0 0.35078125 0.59375 0.0421875 0.053125
0 0.66328125 0.637890625 0.1859375 0.16953125
0 0.441015625 0.848828125 0.03515625 0.04453125
0 0.692578125 0.4328125 0.03515625 0.05625
0 0.75234375 0.448828125 0.0484375 0.05078125
0 0.693359375 0.5234375 0.12109375 0.05625
0 0.894921875 0.949609375 0.06484375 0.05859375
0 0.49609375 0.476171875 0.0734375 0.05859375