0 0.160546875 0.348046875 0.04296875 0.05546875
0 0.245703125 0.371875 0.04453125 0.046875
0 0.318359375 0.470703125 0.06484375 0.06953125
0 0.451171875 0.667578125 0.06484375 0.06953125
0 0.546484375 0.517578125 0.06484375 0.06953125
0 0.290234375 0.575390625 0.06484375 0.06953125
0 0.743359375 0.378515625 0.06484375 0.06953125
0 0.729296875 0.484765625 0.06484375 0.06953125
0 0.51953125 0.878125 0.0296875 0.078125
0 0.348828125 0.858203125 0.03515625 0.04453125
0 0.17109375 0.66953125 0.0640625 0.0734375
0 0.1578125 0.412109375 0.025 0.05546875