0 0.120703125 0.646875 0.24140625 0.61875
0 0.34609375 0.421875 0.1703125 0.21875
0 0.36953125 0.819921875 0.2171875 0.35234375
0 0.634765625 0.827734375 0.30390625 0.31484375
0 0.894921875 0.76796875 0.19921875 0.1515625
0 0.536328125 0.434765625 0.08203125 0.08203125
0 0.65 0.444921875 0.09375 0.09609375
0 0.78515625 0.376953125 0.1578125 0.08203125
0 0.86171875 0.296875 0.1609375 0.103125
0 0.9390625 0.615625 0.11875 0.140625
0 0.930859375 0.47890625 0.07421875 0.0296875
0 0.816796875 0.488671875 0.08671875 0.07421875
0 0.96640625 0.934765625 0.0609375 0.08515625
0 0.70546875 0.654296875 0.1921875 0.05546875
0 0.405078125 0.5625 0.12890625 0.0625
0 0.331640625 0.277734375 0.05390625 0.05859375
0 0.73828125 0.254296875 0.0640625 0.05546875