0 0.2828125 0.930859375 0.13125 0.09609375
0 0.42578125 0.8375 0.1859375 0.09375
0 0.4515625 0.737890625 0.171875 0.13828125
0 0.55234375 0.478125 0.1421875 0.046875
0 0.420703125 0.583984375 0.21640625 0.10546875
0 0.613671875 0.78515625 0.09609375 0.1890625
0 0.59453125 0.219140625 0.0578125 0.04453125
0 0.430078125 0.36875 0.10078125 0.053125
0 0.511328125 0.320703125 0.03828125 0.06953125
0 0.5109375 0.386328125 0.040625 0.03828125
0 0.31796875 0.46953125 0.1265625 0.0296875
0 0.151953125 0.97265625 0.12265625 0.0515625