0 0.162890625 0.676953125 0.31640625 0.63203125
0 0.6625 0.56484375 0.671875 0.3703125
0 0.61015625 0.83046875 0.5421875 0.1359375
0 0.3875 0.196875 0.19375 0.05625
0 0.496875 0.3421875 0.09375 0.053125
0 0.078515625 0.31953125 0.06953125 0.0453125
0 0.093359375 0.197265625 0.08984375 0.02890625
0 0.18203125 0.263671875 0.0359375 0.09609375
0 0.834375 0.214453125 0.071875 0.03515625
0 0.735546875 0.21171875 0.08671875 0.0421875
0 0.530078125 0.186328125 0.05390625 0.06640625
0 0.618359375 0.28515625 0.09609375 0.0640625
0 0.48984375 0.291015625 0.0984375 0.03515625
0 0.8640625 0.309375 0.0875 0.0375
0 0.309765625 0.26796875 0.15390625 0.0640625
0 0.0109375 0.16484375 0.021875 0.0828125