0 0.28046875 0.262109375 0.1265625 0.08671875
0 0.230859375 0.776171875 0.21484375 0.13359375
0 0.423828125 0.5703125 0.10703125 0.0875
0 0.4875 0.772265625 0.103125 0.10703125
0 0.655078125 0.820703125 0.20078125 0.11328125
0 0.562109375 0.919921875 0.07109375 0.07109375
0 0.51015625 0.59375 0.0671875 0.053125
0 0.719140625 0.358203125 0.03828125 0.04453125
0 0.413671875 0.17265625 0.04921875 0.0453125
0 0.521875 0.15234375 0.015625 0.0359375
0 0.92421875 0.50234375 0.0453125 0.0265625
0 0.76015625 0.51640625 0.0484375 0.0328125
0 0.7984375 0.771875 0.0875 0.0875
0 0.59921875 0.6234375 0.0671875 0.040625
0 0.538671875 0.659375 0.04921875 0.053125
0 0.91015625 0.37421875 0.0328125 0.0296875
0 0.495703125 0.016796875 0.02890625 0.02734375
0 0.146875 0.03671875 0.015625 0.0203125