1 0.09609375 0.8854171875000001 0.1375 0.828125 0.115625 0.8041671875 0.0796875 0.8458328125 0.059375 0.8895828124999999 0.065625 0.896875 0.0796875 0.8822921875 0.09609375 0.8854171875000001
1 0.2734375 0.546875 0.271875 0.5322921875 0.28359375 0.49895781250000004 0.2671875 0.4947921875 0.25234375 0.5229171874999999 0.240625 0.5385421874999999 0.2078125 0.61875 0.22578125 0.615625 0.24765625 0.6010421874999999 0.2734375 0.546875
1 0.421875 0.696875 0.42421875 0.7458328125 0.48125 0.73125 0.475 0.6833328125 0.421875 0.696875
1 0.4859375 0.8729171875 0.5140625 0.875 0.5109375 0.8572921875 0.51640625 0.8291671875000001 0.51875 0.7979171875 0.50703125 0.78125 0.496875 0.7729171874999999 0.4546875 0.7791671874999999 0.453125 0.8322921875 0.46640625 0.85 0.4859375 0.8729171875
1 0.99609375 0.46458281250000005 0.88359375 0.49583281250000005 0.88828125 0.5135421874999999 0.99765625 0.48020781250000005 0.99609375 0.46458281250000005
1 0.95859375 0.42916718749999994 0.959375 0.42083281250000004 0.95703125 0.4166671875 0.95234375 0.4125 0.946875 0.4125 0.94375 0.4166671875 0.94375 0.42291718749999996 0.94921875 0.4270828125 0.95234375 0.4270828125 0.95859375 0.42916718749999994
1 0.97734375 0.115625 0.99765625 0.0645828125 0.9984375 0.011457812500000001 0.98046875 0.0145828125 0.93984375 0.0916671875 0.93046875 0.1354171875 0.93671875 0.1479171875 0.97734375 0.115625
1 0.88203125 0.6010421874999999 0.890625 0.5979171875 0.89140625 0.590625 0.896875 0.584375 0.890625 0.5729171875 0.88203125 0.5729171875 0.87109375 0.5583328125 0.86171875 0.559375 0.853125 0.56875 0.85859375 0.584375 0.86796875 0.5875 0.88203125 0.6010421874999999
1 0.9140625 0.7770828125 0.93359375 0.7854171875 0.9421875 0.7885421874999999 0.93984375 0.8145828125 0.94453125 0.8208328125 0.95 0.8135421875000001 0.95 0.796875 0.9453125 0.7864578125 0.94609375 0.7708328125 0.95078125 0.7697921875 0.95 0.74375 0.94453125 0.721875 0.9296875 0.6989578125 0.90703125 0.68125 0.89296875 0.696875 0.8890625 0.7458328125 0.91171875 0.75 0.91171875 0.7635421874999999 0.9140625 0.7770828125
1 0.921875 0.9104171875 0.93984375 0.915625 0.94453125 0.90625 0.92734375 0.89375 0.92265625 0.86875 0.86953125 0.8416671875 0.8578125 0.878125 0.8640625 0.8895828124999999 0.91171875 0.9208328124999999 0.921875 0.9104171875
1 0.84921875 0.7125 0.86171875 0.6875 0.86953125 0.6677078125 0.8796875 0.6041671875 0.8703125 0.590625 0.8578125 0.5885421875 0.85078125 0.5885421875 0.8359375 0.6447921875 0.84140625 0.68125 0.83515625 0.70625 0.84921875 0.7125
1 0.93125 0.890625 0.9484375 0.865625 0.9453125 0.8583328124999999 0.93203125 0.865625 0.92265625 0.8833328125 0.93125 0.890625